1000 2 28279651 4
393541935 384443071
904116620 376068425
358952842 398882081
598040507 480520825
387477225 675624908
776344620 315988983
241549504 561195318
629132956 226560116
614625449 396843159
473763415 596146015
794449099 279386416
390773904 646232381
679935788 352216653
383465526 394747592
243427430 605752361
589304045 442071519
277403246 599405989
879558545 354422523
357688124 645020315
629565735 166883359
492349218 292323565
575151676 489733044
588916961 576430171
45737912 308995655
385298669 351323385
421148521 302154112
662742872 179698942
529388229 213764986
634158061 240132655
98962982 485202928
22455366 350847980
178962111 604947533
658278107 213689842
173967319 572395299
532362691 215621007
411466172 404557218
713315469 209675424
429589577 315002700
406378319 423317425
659207254 344015867
714258500 275077422
187504227 594988772
199211587 559925467
61306253 431830906
566079283 151047056
403211935 685672873
475984776 598689854
483661327 591387965
254855246 558409971
279271744 607794924
637737860 478822376
895399100 344738900
905180684 420505731
484609233 608452549
506794615 591646191
440029183 281984458
369540533 388855330
628170538 210237087
583996297 433730443
82378162 304425891
586495089 182357197
164873971 591399370
752002460 220615727
39195715 427061560
340669014 477815781
281014538 651520833
289413323 618425172
154525028 525383779
408844304 246656007
563181640 183134253
280167583 600440641
208675841 529712722
265385233 473231251
367785194 291990938
655367995 202524691
170976491 554035073
367894267 443957539
584414985 472184229
629431659 473400668
190259468 635587216
362130277 408461553
70709146 470207452
610149001 229028271
633568061 363578193
865124993 303204266
812910894 268218309
579070538 523692322
607655704 336841156
599968963 469568894
929391525 473358584
134674321 522716267
404978136 314257630
421820020 287952938
104164576 373511500
581161462 488456838
776881317 229258322
207293310 604594574
911755014 432215181
845460201 407956717
608514525 443115662
674086355 361390514
535803599 223194361
641398709 428695730
217638243 618026094
317998388 411164219
310793700 437613729
896113614 365271165
140518233 449560399
485187530 251327936
606499499 232751984
164482994 618800865
543335858 445795601
807314101 299201018
838656727 266310329
544002110 546725737
608064050 382848577
60358524 329786083
690214038 205090359
513656005 555793073
372998141 367276041
485569560 626609412
520583159 209087454
183631815 536668354
74740375 502442125
432535011 612780339
793780092 223113310
784270798 229425689
577348145 521611367
541427114 544651119
482452889 219812448
575679249 568480576
658708809 416427582
92165097 459619796
75051778 494730241
566778861 528415925
386951093 620335086
636727983 370250423
869777466 352380755
863519478 347705633
580269599 401121397
607421833 540643793
488805063 597304895
53743352 379438156
874701350 314799068
493567337 193179189
59224834 354149844
912312753 497439309
502288154 234446572
110329016 419207024
379521034 360375905
842731999 234395982
95934936 475684547
182577404 570482668
356743151 440671655
846335860 502462269
109630778 541609871
441399749 304091627
92645111 469926636
335386754 609604879
479101338 620416756
621686513 487739565
129580683 419816041
863056899 296741534
415725825 334240603
628222489 214987486
887165289 325567309
416449048 593019282
383889257 456911160
369099077 301243697
406675315 441774441
323872862 661439831
441792529 223248821
676917589 280029298
83311584 456473126
674709045 174442804
495519150 598943818
485878614 246441579
899421708 458532442
367525801 462909601
402040187 618279826
525386112 229016106
909507202 378828775
336913170 442065832
384084343 426876994
357480568 411084449
592058999 562614749
383990648 367424195
843454820 244896603
741656060 245026911
339002791 439716204
409564594 362757864
321109618 622457008
429607000 293979098
392912512 649580599
645365647 195390023
405476669 362491339
66388115 491997547
903209938 465531276
426489285 592595743
491338081 535134519
124886149 477471092
253574486 578416344
850235641 323524924
382827016 628491517
363181185 604271532
894527977 290631946
923427937 465676897
263512182 542925222
451383124 614482418
971075507 400166984
486649210 253990285
369624970 424130941
491656236 257018130
589330964 459954385
882764905 394508893
224369513 613629060
560991543 191473601
742069524 197517240
883001425 454877287
22586544 449951469
904955956 373904158
467864318 215796712
904439670 432323696
649719985 391438534
276599481 624430922
112805101 518545409
6764218 369507119
426398930 270240685
385847677 625984108
484908794 582083433
274100377 636946897
414341037 292571318
795465968 272079804
409652626 284003972
517462753 227188075
45649636 385849394
934193213 410460887
22905553 453762055
613943007 491260872
627778440 545993557
751235905 301447995
523743233 549799365
852201713 331997570
447344160 665938848
317811277 607104747
912647599 494833169
423898961 593957474
453815532 333073871
925886595 474026485
169077379 544750303
58661715 427666250
237829746 614681491
456145132 596522565
273695347 608779354
868870348 327480357
493980576 260552956
491442490 286433694
854714433 421360577
303258253 379773718
499814949 562792416
138292340 544732123
312350947 355306813
716827046 235984013
73305462 571661441
457300403 216440255
939968142 413510388
685729836 342390851
641982851 467292320
601294980 220945092
872422164 429951539
461148146 302770249
396069626 446686702
374304810 679823307
598581686 378844665
168167342 531201911
456313822 275137500
295658909 610915363
446675238 306449468
70313285 501765335
422668769 607859103
418096518 272397656
133356777 466964956
431271035 293650628
158529543 531588441
558454017 532732422
859230186 378346366
931691880 488822753
112581696 461949938
516484631 244328830
790529675 274747174
88655630 402438472
643953895 236070383
315574739 309115103
697159931 182274809
597837737 455126898
861313123 327584493
637654495 180670811
886998155 420913118
438371771 303506325
100618382 475857760
649260184 439784868
402811569 336485056
90822531 324849170
893291421 379857472
681828221 227757939
78609138 322905764
573788855 483243166
846995516 354704453
254675089 617608836
110383417 510336807
261368023 620548497
901977653 490277341
850534911 377256713
192474121 563984016
713653101 187404352
627310814 195806872
587716369 519307897
366676411 619217484
114849824 508345317
931179037 456609435
116088238 535729119
420218585 621468361
435690883 237051157
219574749 576766976
397946545 304308120
0 358507557
325647333 588588046
638224833 195113050
416470878 612944700
640810611 181216296
438161455 608390569
567117928 283552474
713344093 218363131
448167518 612315016
353998142 424844507
757463287 256079564
79292878 327484449
543456830 583616055
871326296 329302868
41874842 335146510
38733338 440630430
310330019 614741174
451352484 278960121
587961804 217477881
521362092 221691130
742763314 186951259
797952444 253960459
716914022 190874908
877013939 290860886
352780792 618324298
493432867 228347827
636036508 444433987
612406542 218588903
531575585 549585319
631680236 194690162
908832929 317710012
308882991 628436874
70535855 373184061
291777994 586669976
916341342 370498023
123812647 465492506
405279298 324440909
164300492 507362086
603973263 423205141
66431515 440318495
421671731 614209230
614712336 483340351
589354096 532844641
373992937 394100041
398742467 258358236
236649000 646129255
286178989 614129115
360725657 317512624
686863459 228742224
630326030 378342038
589509717 465081978
545546382 584564739
387683428 571201336
603983694 216890072
376296288 319255905
777938670 236844265
407496962 275072027
560313085 226845034
627082780 177696166
664003075 204387066
457164685 532801903
703285136 224079315
102925842 463901307
527695359 534983483
513924735 563211505
56304295 471570264
476342649 280626235
346572307 325797578
386368107 643834685
131579556 442906631
529699969 571289897
528541833 597802236
886983521 363148140
151760695 558579658
611558914 412521725
356856039 581279117
753404098 261541613
123814553 515504641
679223597 219231445
333081276 480832925
227113185 580346581
775100419 231741479
780799754 219334225
342753341 621586030
882616050 283183694
311999994 611285771
772492583 195649398
429870823 326667737
860110326 265904640
720520186 223699286
611621674 479211093
660086934 178958991
437770202 353765547
587443198 505626712
308383733 462822827
572447187 497469499
725167789 181188648
68402125 524502495
378034360 616333115
274703372 451925378
908556181 436680938
287953449 628716852
107933645 475018500
488685785 557380695
576216925 188584000
815781820 236406009
495721072 602305013
366255999 398533791
565026021 260191766
398497336 279330741
694915039 204067789
625342365 412419184
676552719 198008966
782918601 167608402
185327309 587201776
130968529 386149476
479483944 530462151
522030232 221487883
910529125 445323235
108920397 434014789
109922213 615542190
506339147 226427494
153666728 568702070
550394108 218129490
622001461 497646891
332530874 495817069
859615860 381130050
521879879 590083748
100769144 546451718
815944482 225065108
904854876 462029733
78785202 357872206
372379192 408476871
112025386 481860125
889714280 410902483
244747671 598798283
409918109 597595308
626654483 445583620
113056905 497028142
543897440 490162968
410458031 597636297
882676937 321247721
612458939 541258262
706603205 194845620
446495715 271477279
25753192 403264852
453758765 549402744
693627275 167076238
349043547 477620770
897006132 418415177
433189076 574651241
131105407 454142121
733774266 184355936
636152602 205250323
854471748 253916742
275940412 587920527
353354634 448132151
420497086 581720942
571601989 523603424
323436233 465755405
358162275 384660575
932628264 403401837
639007322 228147890
534691532 600867446
169314145 511502608
650293272 331223119
60941503 434355965
615260704 222625969
451243025 621138655
621220904 440430476
204137101 560189831
57486129 355247743
497750933 587658111
108804159 483043284
334312589 446510655
608917333 234653969
321997671 648445975
207630796 643057714
841327561 323021159
344315049 619917056
106117309 470862615
575083171 378531092
361893634 644744674
535099661 569786245
559641084 166222926
276966247 642220791
565972806 552538736
919914725 420023109
495025931 224760310
259505822 684362100
364618256 604344730
487759619 546023688
445253735 580424460
556942775 544609419
415195071 552897983
93833032 512490792
99278728 479675195
452020399 277356077
52108859 358959838
279119262 608212024
742394660 250783769
416371373 346362348
426871406 598975724
602032696 357822455
363912774 387550374
397856659 466824194
58919619 440868033
768706024 253114385
349304901 516771896
394661862 280806546
59615091 473549185
635619322 408505850
448182610 332149349
478605237 219368141
61265110 331552997
613760386 480658459
232449662 599616704
650658363 213935329
644137931 375924898
499083863 277349877
585593920 535102756
550861267 524741058
513164294 220909899
640411374 182134798
350269976 492073050
324894722 433579048
495419553 591622800
243934106 637804627
469658131 266160048
355108898 434409854
254155443 528862339
393094676 378724144
885521069 334170812
757662399 258886917
292615497 390856762
340079563 316814529
351300038 591668906
172392961 578285474
445438201 645186766
104126898 408326624
229799537 587230042
877525471 443391134
899400682 450337204
549768716 205088560
97948536 557180980
778661298 219690033
593655523 519131516
625379658 178261979
652041449 336847855
148382728 484461035
352430622 394851376
649609738 221773389
18031222 490475121
473427980 276407865
308770364 633254539
847473985 240959487
677161734 298621515
204812840 601371994
56698729 398222453
527496439 193432185
359115047 395925597
440987811 605177312
531378783 194356308
894104357 301678755
36322473 447014132
153823179 516276799
615337754 197875599
659528721 418892154
913322401 520478480
871670428 357072524
167128816 523315864
572513233 487743833
263597597 565829366
251733440 585343345
535422182 569206474
577062892 442464398
394645860 365378994
928475568 325309750
569912997 523330923
224565354 561610632
460974327 562993198
81246471 512387765
641943809 254203475
880295805 464050618
601722244 436574168
626763365 153071337
796344937 226091606
79036919 518119225
93654907 386490704
270528610 640777489
580224982 220946467
588273122 192864801
495565516 566429919
117910841 534809924
356972918 625801910
397968819 591524934
598804520 229186875
402492598 384901914
936337880 511991142
926203672 421222256
771862859 234965508
825043308 308879825
327726269 544879160
95493710 325285731
640607952 171866760
679493804 428111447
816121178 306927121
91521380 502098277
236189976 520234939
350289555 651920709
823361953 298365449
201035567 523160549
436987777 252927654
867527394 314574596
775984350 180889960
415143246 349266842
189236552 572515362
872432648 439100599
841516676 365749871
391721050 431770327
920611004 428277639
481288181 259292268
731516997 266930957
321293660 616573547
716163060 248114066
347809607 662956764
806552111 259418852
272661213 576379447
494969935 250420443
77749658 404727779
865017806 298887706
369236382 309992358
606585797 412601142
461560222 567514418
367908009 684676766
293324730 685857276
755827774 260625965
805943411 219037739
534068740 517752044
466159665 556704566
534606254 205084187
138728651 483016924
117343858 537865474
381049501 358516424
152361691 534127324
565274099 472659035
924739918 422619603
95741719 361242499
829661962 173215374
474171595 275121605
338428590 460411948
338897753 644185084
84584717 432842791
304822111 594241446
704520156 210810061
344374218 424637931
592889240 533389302
594657772 238120204
292447974 646331545
285682935 683421424
920120572 398450766
605449877 521863002
260359405 612493568
814674983 235322499
597219399 377884785
110763995 380702927
415143826 568396590
812151811 265922644
614722850 467519610
402940193 342371535
804666638 242744642
509287450 222623677
273918418 626270369
691209395 408210194
339947835 449139585
486270248 267434222
546938702 210153965
613215331 453756915
320700693 629671327
411333840 307976088
804843622 209445102
731647568 257330837
587583092 227708999
927304122 400625017
885072326 327357549
843874298 273321040
812147810 268072372
382303507 312989154
371999194 356011429
748113603 168606822
866008299 293486643
506996577 267310559
621994277 434305515
901357226 367111068
411114737 317750554
757717755 214979835
86396292 518248861
390153161 381210787
929780624 505028136
828736615 271821221
589448278 447040754
854496254 359341674
787444258 278957629
875093423 289363432
490981900 194344366
666387986 194156189
440521756 593231803
365921618 610392650
927012449 363478061
117984681 542731214
68734653 484026680
425971837 655572692
381108173 330930018
881966750 316129958
863904430 496939007
193446157 630451392
640447320 449807538
521753519 228212450
547307635 545859474
335787152 461125143
244065711 614607813
752499948 217708407
931839921 433964018
587207479 510174886
536579661 263961758
271235040 584147089
485376793 574973502
833382398 206104159
556528473 486727676
650031985 232474014
341685115 671061670
70919370 491065203
666433489 210312474
560246501 454939410
128941696 404258303
498928658 201643560
790195886 287285090
915437354 443139771
615824101 423608796
409552483 389601351
141290189 485102896
348898927 369690441
505935029 280295366
568959135 219219554
366598051 400604520
531405151 250297109
602250501 432749941
709973026 202644068
228482914 555514636
524617227 215303870
762650798 253911409
233969103 521783374
450726039 235746500
817622845 295910579
744555835 222776600
497931587 520393034
883120585 315330837
744755673 241261680
206009667 570771972
119917511 525265850
184944068 598435197
440673097 328411422
717652173 259500951
863015986 353004416
637159035 377732745
602305130 477558748
98647464 414168587
885015409 431107959
536901813 497666379
576556840 189268022
530870019 573869330
502621081 618249903
339462953 404700701
652406704 291177472
417672770 572012284
895389560 294821811
759259961 197171836
583785971 380410623
196656735 555286488
100897839 511451060
32447523 389627170
950194433 513252765
531284044 398666348
141032819 555579972
338761410 597256412
439158561 611648168
900045183 384626401
357919902 679485521
84848275 522291234
172962067 555040470
457508888 592920648
616655543 466948827
170749368 550186010
849139994 384974935
376026692 629710642
890354824 335451974
619034495 425540363
806839020 280865682
591610311 503817043
412088108 334314221
872978129 290989323
834856117 312149453
483979153 231950139
534918242 213961292
440082591 611668270
459085089 290955679
82336397 381047213
575140733 510838092
451960967 580031002
84614142 449942872
370344002 536772323
579523443 356256654
425235334 594844277
829218595 248708430
407306037 650969534
440478683 270028506
402435284 653990148
478024076 241962982
144744225 490108131
387607121 390281643
385361959 633026132
894836923 457808840
491751777 288011763
583461010 445200030
577304189 544347436
534228295 570844700
166025319 602759821
71521724 329008596
652726861 385316958
625179605 417474979
526204216 204476362
499121793 552096745
126968904 529454963
560498383 182617243
488244276 618071764
837768155 214096112
547113786 617390518
372291503 405787645
610256644 365891275
436789784 641941409
240316121 628686579
621371077 424976093
945008906 398933574
558755223 425901965
181994645 558810271
1000000000 440547587
338968378 385684834
84760421 384704115
325687794 613853274
71064859 469729179
23843678 421424112
782788367 222251716
463389298 258260422
226841221 582107635
445478566 297463993
606732557 359598190
441101795 598676250
873963040 287807424
546088805 233386659
632664997 340310855
746200889 174627235
749453937 296899120
408044900 346803648
444549758 618294213
397839559 315545886
592498218 577007778
387019256 621097239
120921528 516072444
538631664 526605790
480731665 290664045
803690228 295411462
895109493 369020846
576667599 224594811
387218660 399174005
23146642 406684421
837213356 327979416
177537895 573905235
583115556 183584737
876699619 340113404
668978739 238150077
640891089 174172790
863552800 408867030
391387451 633205230
669486883 225144473
369149407 400748471
483452846 228794354
538181091 565954297
809973469 325402015
199942459 605699672
734259302 241034072
918020821 381965988
875176357 325625284
203529445 580166904
58614809 480642798
600591079 212203192
930301689 455889399
104354180 532213188
281990263 582934273
619700281 411393821
99198310 535164699
133874720 549798070
381777734 655229656
388635039 646071230
322381845 421430994
583534658 151599617
970534823 432666557
652036057 187768195
76225354 421243639
214825559 615328906
884643220 354072363
925278776 463004258
614366477 406975784
772764527 262631372
519936915 261651195
357952081 304576551
734296842 175613671
377665612 384841733
663313647 422572786
309240802 615831660
879087325 321292941
598317977 517014750
427993545 298206756
437194998 628478752
476486174 277987681
79775378 390604568
327219511 444542271
527608839 216031006
398032660 273832437
493964996 523310928
352228857 631022987
269056937 602187478
562625725 550006869
381625039 669922170
891502507 405588631
142838269 483933415
459585719 610162257
731368054 251595608
388495203 364684747
355406011 346105303
359998696 378771249
375721765 419178234
488998316 594806151
49226689 366737913
446540816 333985330
18507286 370811458
121752431 467966324
505849134 558577671
362845223 452017710
348093723 485828200
734765259 220431434
425748625 296205451
338323914 604221943
549959868 466681425
593119792 430019496
484191597 623660890
749422519 211002081
532292343 532118953
824797795 332806823
682663115 212725529
469476206 623935043
379871731 350959792
401220973 445322507
291691012 613611246
898366486 359010603
449273358 247094051
921784711 372616414
682594439 207989576
459854238 620035417
572462269 226906113
450637906 651428858
213979674 587094073
63870070 425147080
435065067 627509971
931030983 383007979
388951018 268290905