2000 2 39809067 4
302142056 109888893
185092976 936919258
885139326 398458530
167736285 182207583
884315743 461159387
348540670 745500046
6857823 588524586
74461796 317606254
16161549 465291938
111853841 243539557
303778157 707395754
599527727 571747645
456640710 80597487
874680858 396640628
806123013 699548919
136330157 885151675
676394684 123139248
674083228 796869202
582119196 88528529
290691374 96580233
270889769 485889806
563920885 84228739
535001885 591706882
259166593 516256101
293324999 690040987
477520621 814516092
393148843 83439618
18894197 637124082
301541392 429092356
122420790 238947521
874381841 381057002
826522863 267403784
646507733 110669343
624327142 420820952
594425157 368793901
881027243 437309576
579247514 828111782
408678101 69537018
726809004 780433019
14817893 472951841
3730980 506635606
111096506 851303111
519237987 326052727
884627511 394069341
22786435 668134311
808265707 694135632
635056130 474553642
40347556 402600939
30838284 732510551
285934196 437105397
482958769 313378237
495325120 825402319
469922651 72821741
16788335 660771216
374248333 343779744
780179695 205216152
754511298 182846666
334280451 372113091
234775641 140961846
5625720 562121510
718415661 147071563
424604377 63424803
613924137 811533718
817345574 684926885
109623377 252672949
530204489 575002263
606731870 820295655
309612775 109572751
239394891 969518119
884224722 403744429
222963519 149676909
603085373 100290105
733659079 761889992
326106430 730962347
802528403 237186113
63333105 310755342
891466693 460838091
868013768 559979367
242147954 134199876
256596502 515200714
543546595 327505354
155336810 910271887
538717384 336718001
446035646 74568998
897045781 478691441
613282501 564254474
15015304 490178460
495781474 541290557
152752722 899168343
662931968 108065681
39305949 392091370
621241370 543186247
692064469 791970124
7198361 467011168
314387593 107293829
684614475 803302407
447518288 810581104
738017267 149754855
436597258 327636046
634051383 427859180
476176694 822887012
277514663 662177242
836491828 647667073
281577965 683031869
16070452 616119024
331973903 88295662
843740137 631373931
28415244 703643858
249270564 578013334
82939949 291315328
250437476 128425128
513900801 320155241
872622656 595346707
791803272 732152411
13768622 509788916
378042689 769800844
537274052 332519211
540782580 81272158
257178292 566579732
92049737 838268311
284992092 653110686
47800834 348641920
793988112 232463053
611497770 400870857
23710508 446534168
683859720 791217064
377240394 758353037
855511999 319971322
181393530 949751852
884853265 408048798
749546896 184405798
603223291 561668126
550115288 325845421
307196610 719686151
317924246 716270805
638763515 515312012
327144619 731624940
21808217 395978010
256220451 577419477
325847427 378988604
206429437 151699340
598888838 824446840
270217571 599754189
340570012 84474222
204548815 950458065
258661382 483160243
326687085 382407815
273889496 641061018
733821316 161086373
369391871 80966117
862206415 601221157
266495760 595438393
423020731 62853857
870050873 368435731
329509268 89589104
644385872 481551981
18334717 665713973
403936148 794749605
171655350 188596927
477190706 818877520
873057009 403492286
61438579 315804550
484250538 313000808
343049237 90261554
394361358 333851815
2521756 589739547
19678499 674391986
874473947 545128412
646568223 474629236
822001687 255820238
894418049 437262739
265948017 452816413
744725454 159557266
600103244 377946300
96390623 855844211
805646528 686992631
766284205 730032317
40092797 742001781
451860906 61841815
42059357 350562829
756140035 749876501
355456079 95564605
445986629 815145654
542377871 829187492
92905257 848021652
348370418 353289898
154788592 917922911
708622564 793827317
608120279 560180626
771437637 748592466
278353796 646310356
93154706 280679165
252778882 526052788
56586618 781631166
299492204 103732963
877770293 513864002
499310167 553052974
491071635 551249836
14690827 517524648
812473846 691467917
888170744 473409079
458854947 314258184
678356690 798084932
580797410 358434116
51140569 754890740
143996732 211008504
204173572 946915612
69765948 793567496
774763983 182706617
408595349 780426466
611437954 400441390
628647462 813460229
431286317 63248976
346079493 93109771
275488901 488314328
9412899 629831752
849403311 332017639
1365172 579194229
54238276 325832939
524486992 572479133
144423213 212146112
456799988 815053386
847481316 313273020
290692491 432244890
503623458 821087566
6839783 481818377
17157322 538477039
630704073 487128530
485470681 561755432
859070552 596154523
777956 540554997
431606528 798013129
601397360 572341689
881181289 392127110
255674399 596630647
866457581 387139701
312285791 96215845
43397812 372878219
731441410 159146786
588284497 570494076
354499249 759322345
12675617 446127040
808596422 217180511
863082906 352697683
46034288 376630137
888599419 474771875
728268604 164429075
889082814 406950509
689114221 118800260
440890627 801629400
199967459 170939104
344015111 84268072
375199772 341986587
349067051 747668025
479747576 547678626
882186564 529846334
258069368 539445725
315430148 396756892
274310821 635561826
346597111 745647058
161250290 916113913
506508875 313572017
24826704 459214757
61148652 332337530
254406620 597498161
713365985 788314367
788280119 729751083
31130939 433092187
547107569 81927600
237588783 970232517
736901023 752565668
716289403 787748073
491719246 554330701
15485673 566171169
583185661 342887275
551698301 344626794
621380584 534990376
641037740 507828867
5112215 599412164
181874441 921116010
544409538 824482117
11068291 606085450
573898442 581622385
430098540 327162279
270674734 458852179
604951981 565176317
698601558 132992551
633966693 403248482
684282853 131622548
867474552 325301222
373515822 773593400
135332575 224467221
801337028 703461770
23222723 405431293
890706554 454287084
643186272 808404660
292013894 423761049
463199955 319267925
675899744 792197279
802480831 225591295
47096273 333574414
197157842 170197319
14730196 504841900
332303221 375115355
117640369 850412762
737093334 157927851
263997160 525109405
572028642 826753430
9492213 480733536
806440987 692660222
707144209 794731100
322108141 378733656
647949508 477544419
486991322 312983446
390288984 83552166
216683364 956669141
658274455 112419708
361909899 758786350
287863827 102156111
37925398 737312401
391158271 777190152
18478566 520980630
545165950 85242939
26326826 452788032
668976908 813713928
16521201 521057514
147247883 914089461
858782670 590961591
437730452 331257563
64658576 761394606
644204715 504920543
118435371 222275668
739875156 758078114
16444804 429061239
482293720 814641954
530979059 321654879
183114615 927570965
113119855 254988913
815705022 228522880
270229293 592445363
371953681 350791606
357242893 87063647
607687191 552420422
319195234 711654273
393654009 83251244
56049775 354358990
574225631 823871931
61407825 767869024
450430072 78748916
252401032 132025673
679580203 795315878
541485081 82158662
316806799 90434703
168684617 187349139
821666015 242829034
623128701 97969941
79390369 303588244
575239738 582873807
567679940 820443289
234522843 972360479
153766703 896488272
552841220 821586329
280739525 108229847
66199838 789041351
447280527 803939761
549893553 76178800
261746575 499725855
487696522 317676113
149647988 200073185
59962549 772494894
600308715 376607768
107957404 839678985
1371357 550146725
512086511 72080024
323324680 716767291
294628378 411342479
298304503 669856454
845785800 277969835
772964196 735599118
42354848 739437190
199569707 958925716
80855483 301940875
615949340 393103879
349308058 85165973
147052925 889387999
498473305 310164027
333120329 742184126
538201968 573607756
40490900 738797707
444979135 802565087
825016805 254110553
792644033 700329772
542858747 830708021
375909849 766796344
648448235 452011174
416667308 76690933
70690734 310100532
15730371 593866468
108419421 840486468
882802524 502920097
14452741 461275506
283459873 681971016
639566461 430349638
13287994 567276984
141453314 217933797
871913808 369260052
43549419 349637318
835584199 666219662
870277046 372210993
405982801 77265790
588341081 813242755
746628192 762174760
642675196 464794593
111664782 268317801
214826762 152097851
827074222 256751713
872555711 368775017
876338225 543308824
742146406 162209496
109450203 853880679
268857485 471340715
708005316 773647851
289972593 672125335
659626795 113797346
278783850 658556817
257821603 542257130
131379032 876222778
783322668 729060909
318473177 107460376
260975600 513975940
50370122 352232866
635869941 420190006
757246799 177126908
616130064 380819109
879336577 503682127
873065503 379233809
284559705 683875867
548767299 325270071
747880476 767159241
622248782 93023720
341733123 741650316
59607111 309538209
822039666 250501981
529914510 80008036
509425169 817928922
543788816 823714922
604325886 91442150
497429887 73408659
13201239 481721817
4873896 473480233
540104222 77709656
223721935 147121592
522227417 827711549
521591806 578146497
828113590 681794170
74657157 313975670
586081281 363116089
702252674 135094100
513436279 81558518
453265960 323197636
544776997 824742701
647093949 475842171
89303231 837032905
507866699 565716894
705293488 137182508
491919122 76253712
21876952 421510864
614761944 537670615
267777528 114933445
2062359 516171000
561357268 571556129
296941743 410687406
21558035 619647303
177049062 927619577
86609655 833508986
260178111 123161683
12644204 514704244
848348922 326677365
35743465 409405589
732731573 166467429
389505943 786790438
17706524 417234737
320364815 717985694
256728749 566344089
4517835 566691653
183098320 933464085
754918465 740560935
171694853 191251752
583207866 571360591
263116032 637838229
326488492 714848934
236137680 980120734
640276363 515841988
255503832 518561048
27413909 439044351
197600854 934726685
884000883 498911902
828570009 274913704
276501169 649479627
608277246 559206805
637004699 411725790
591551431 565773984
604689601 92608150
645168220 476350155
45831114 344436014
225868216 978380114
314986358 714552432
260761707 551925667
816790526 682562881
249143402 530532312
106193810 245840837
143864081 214378970
690459766 784665859
556226360 585380254
35789958 696247383
522386703 573981570
77806772 799176151
268241025 509834816
456864156 814541796
485634607 313865682
18713459 669702545
792304781 703648247
297546814 411990354
154621522 199603958
813234025 243231717
885288048 450589864
382700447 77978662
207502931 161857597
530097921 579768133
430421439 809104928
865997436 603465924
868125431 593443794
840520245 672234266
363648274 78328306
888578305 486949818
96751933 827062651
336719180 364974017
9099045 623339309
853733429 627087884
197705001 161211257
640373626 822232265
196817620 942933033
882531033 388626282
400389414 81546385
883222937 392784864
1186099 595332141
346943621 89031451
185948619 158615259
639404824 479551115
135765059 203531317
336595560 93434612
463220809 806290210
509151985 823157956
375980849 348965590
318380617 713049809
149222265 908843926
264982328 513915736
886098453 448766838
12224789 584688250
24706397 708692470
624247539 390661581
144480172 216845052
315813284 94247427
142564934 908367865
833280077 676552755
499959106 77350426
587578229 81176484
882970400 445386114
18005084 517014823
872502577 379894255
819863566 672462060
829351293 682569031
490185773 75417987
111554208 240567610
9313745 603925375
603678146 555008869
596527890 365890398
291018589 118479888
400778110 78560712
623926019 513579770
20517969 456318710
443407134 65782325
267507267 508606300
513355089 821255139
520902334 334108679
863618668 355027428
290604771 685698372
8114715 652092007
889687041 535818557
425294246 318054833
458483773 809690045
839792182 647920079
647048377 804160866
109009227 834301887
107477273 852324537
388895646 330990218
13490132 468907285
302938238 418566533
74029169 820378765
348037426 358134031
747666634 160356035
57836763 357091695
782896438 218796236
19150313 645885183
602567898 563013763
163580771 924282832
716010806 781192742
773713165 732704005
829162242 277196718
178208605 929721654
275762455 475359613
437158186 313499454
823486160 256767701
615152069 551696225
406790302 73197199
814549466 675864008
205325435 948899595
12567770 640615447
506676904 813647684
228420729 132689179
401288534 79259101
800751594 707365229
269949381 119743056
499098918 550995812
589136803 98038370
256751328 519467168
108402061 252470426
129394675 230945574
825775351 653081787
592510919 559365855
302359174 95018363
283413618 451713794
41033294 383439376
891671077 487414372
112175138 254242028
515011405 573132868
211581807 161273933
400427688 344365310
87920601 827081134
800676504 693613706
793269099 695543890
600956681 384095708
495331325 536307031
532869598 579489112
335477349 89286798
842319425 638678432
791659972 711648148
740084358 765817507
98931073 253893814
609538644 393602854
149853202 904850697
125378033 221644356
12650560 618875067
472427582 68846377
257280171 545728123
485274963 815540944
108366179 857322346
10738444 652419864
395379748 321689470
822605609 698104997
297566853 92201924
828022520 688919298
18607518 609695094
826936338 284543888
403692610 331258981
638919623 478336357
529806850 827065164
28058550 657429781
740668421 168654795
477662563 324399718
279969865 664693418
776574128 721009725
396394395 341773000
250936141 131033022
533880725 579160120
806842393 229560512
460738259 313459297
253539590 573083892
228836566 138188084
881503349 508412903
233360100 971137623
538764356 589299481
792217299 724562746
25103142 419663480
597952592 369609489
52070197 743128153
685676001 124988431
43718279 730720784
495652307 532782417
781386430 724350924
829111594 654635035
80083207 827766994
486906581 814296885
211583440 151925915
224007825 139472569
747357055 763856051
600139600 566437509
301900643 106275083
17366676 610241998
19591924 505419829
827405307 257376604
819431093 663242341
861705625 344979887
150200778 912098592
528664612 574231600
557552418 70433645
632454355 492497757
246172817 125348095
882770583 380432536
387528424 81161255
49493730 750941449
170459643 922786033
630201747 509135001
553186646 86328406
69029254 773019874
650350999 116797382
68098788 807673666
107135922 852045954
604192464 570269419
168787465 915219383
526367700 337277206
834623698 649831162
432497472 805069140
840072959 284370657
286741729 108565953
7744020 518476903
16752562 488036551
885762798 453315158
713886843 152340946
588184692 564689519
61490343 335912694
513611148 62014932
672051152 799362480
217150964 145802459
880002510 505735862
640913336 105097401
841162772 275396931
1973164 576173996
636887927 449534478
257909780 496484403
117209027 257828668
542744683 833163216
645016553 113719798
493572087 529102288
884169983 469733106
10641441 655348566
11991848 473104490
658243917 806868080
358223465 80577512
861773438 609648126
822379306 691740283
648555533 107575763
585934131 360267787
30056658 709675816
641928191 499922640
9934835 523189934
370959605 760391691
880073097 440963659
367302702 74999528
500002527 67976772
891622796 409473718
271949743 498674630
861116744 574028216
885749863 398222431
735836857 753258834
273599036 457780249
558973892 589366157
624078693 422278764
491113043 550381336
293912969 408146873
873004165 388973847
867945100 389847261
632582827 812975860
666301479 119488789
884690894 479599039
557930600 590700748
174100124 937020900
748536947 170064724
535288347 590516212
340696581 369999104
281670878 452473828
113926078 227133839
813051430 256844192
382609098 346174588
253572620 590176210
69001868 807435556
888857976 486237713
358938 515902826
394274548 86849293
567790511 575248906
7225083 627237567
625051352 516451144
884657474 454424938
291450347 416710784
624945974 536013256
0 578512838
890361642 411181514
375589919 770573511
461690814 323536962
420405877 793626549
882786123 479584467
496887484 74496363
387221504 76738629
650836516 121151536
833831927 275020414
29115579 711662654
595269979 575212561
84841738 817112476
557877697 80671222
213402611 962666679
372295799 776928433
41636753 723149676
53144054 365254167
499584704 824686592
768466346 741780681
834036589 653676715
612276609 388614314
14607357 487850626
837503381 647713792
45899833 376894104
168217798 916485306
15043399 445313711
325593700 726068295
641806072 506564187
884964663 462176455
580937967 361057210
385288221 776734812
557435704 331559539
111615455 266578483
269139965 639428044
773294512 193521984
308868476 410792169
264123097 477415905
564812772 75092293
63300430 796285659
710239439 145274499
632671141 481698995
403697585 785223529
686790295 132098363
628752545 820718289
789469162 215503861
796214673 211125619
567705347 89696439
500710380 328334411
288800917 451896007
13359120 588427104
872888387 370933314
46085661 358321676
423669113 791868817
510830313 73012880
294742510 102976140
77200879 788010671
555053930 586992630
98955312 829406929
27950470 400165163
273987782 113522906
568129225 817248515
268995217 474546903
445243185 807045103
84321621 816819197
8306252 624000076
746749414 755201071
77022813 795364783
583960070 814710097
194308201 945017864
292948515 417016056
15511319 645942626
649332769 479850102
260356039 592047426
31800223 663905029
787717035 212219287
335160417 371502029
593693512 93924134
68930625 313121134
495314280 328001391
620937800 825358974
895498020 468609211
586750783 376889350
585214105 813449054
879176494 445901488
262515741 631793522
717207058 142855343
553160662 71861910
13279555 613960858
720479546 145214214
28590504 414844154
824010800 669717100
273460867 632872208
488603280 311643412
1146541 505335186
16030384 431554603
13052505 564816548
16762642 675536847
281265755 653190510
437622318 313950461
728040413 162463424
8718298 522911389
22443979 446104798
599681891 375133796
509429739 570908809
666170111 116953664
441861931 323041193
464828147 312307761
393594645 787363171
44155026 358746866
44713152 352282333
823550783 659765312
532945915 65290874
635325861 492066729
225868308 134901998
757348902 189351554
272457167 493663421
304985250 107089390
319650145 731375922
140138318 892948853
650401285 115783020
827833573 670990514
360115668 350909120
758640236 186542124
875013610 431654190
288131666 446541107
523168471 819048007
873114262 570200784
660233639 119717453
681389603 132325086
95398358 840903390
659920376 797283293
816560305 245957274
187176996 935063706
260997926 597138404
865384367 574449357
79859709 790376252
5604376 586395619
62674996 331456426
638247919 484199292
556744339 341428513
304737506 102767095
161542387 185721891
764006002 195433984
108325262 244476409
880358284 431305993
89741486 279818163
759797262 176766626
159425438 901623909
884228582 460154726
640501354 470886971
255350489 525045981
570689203 572020528
175408334 166034784
805794254 688685691
277658158 113383360
860601532 357245566
597383364 580309279
357610636 765190714
278355024 106954419
77311513 798185021
503707205 75574747
563670870 345675973
266557428 563335304
821918751 690511636
516214514 319186575
66720889 767915914
324634551 387618261
529464064 328714425
45164466 747218859
29216350 394548685
632022453 811367000
26950714 453304865
631883494 494890904
591763995 90731527
469380798 818337028
589513315 84368691
461624231 816203805
824223901 266458649
722253603 774373818
551918848 579396157
208265140 154944706
854193371 312552122
62833875 798702477
410812230 796584828
268293805 511028245
813347146 695015162
380664974 77478656
530952123 322835049
336461915 373980163
632167632 424444173
558996756 580028418
327648051 383891042
866434743 607503235
85830313 287448313
647809879 493258627
71820635 319950909
887795752 465298399
563196829 85709014
119225755 235851480
18338596 483045680
854703804 343873348
838513744 297552660
85780554 804275732
37260944 718216456
697857943 890111106
814907023 63080741
114860673 601541469
832263714 817792416
115684256 538840612
651459329 254499953
993142176 411475413
925538203 682393745
983838450 534708061
888146158 756460442
696221842 292604245
400472272 428252354
543359289 919402512
125319141 603359371
193876986 300451080
863669842 114848324
323605315 876860751
325916771 203130797
417880803 911471470
709308625 903419766
729110230 514110193
436079114 915771260
464998114 408293117
740833406 483743898
706675000 309959012
522479378 185483907
606851156 916560381
981105802 362875917
698458607 570907643
877579209 761052478
125618158 618942997
173477136 732596215
353492266 889330656
375672857 579179047
405574842 631206098
118972756 562690423
420752485 171888217
591321898 930462981
273190995 219566980
985182106 527048158
996269019 493364393
888903493 148696888
480762012 673947272
115372488 605930658
977213564 331865688
191734292 305864367
364943869 525446357
959652443 597399060
969161715 267489448
714065803 562894602
517041230 686621762
504674879 174597680
530077348 927178258
983211664 339228783
625751666 656220255
219820304 794783847
245488701 817153333
665719548 627886908
765224358 859038153
994374279 437878489
281584338 852928436
575395622 936575196
386075862 188466281
182654425 315073114
890376622 747327050
469795510 424997736
393268129 179704344
690387224 890427248
760605108 30481880
115775277 596255570
777036480 850323090
396914626 899709894
266340920 238110007
673893569 269037652
197471596 762813886
936666894 689244657
108533306 539161908
131986231 440020632
757852045 865800123
743403497 484799285
456453404 672494645
844663189 89728112
461282615 663281998
553964353 925431001
102954218 521308558
386717498 435745525
984984695 509821539
504218525 458709442
847247277 100831656
337068031 891934318
960694050 607908629
378758629 456813752
307935530 208029875
992801638 532988831
685612406 892706170
315385524 196697592
552481711 189418895
261982732 850245144
563402741 672363953
365948616 572140819
523823305 177112987
722485336 337822757
163508171 352332926
718422034 316968130
983929547 383880975
668026096 911704337
156259862 368626068
971584755 296356141
750729435 421986665
917060050 708684671
749562523 871574871
486099198 679844758
127377343 404653292
208196727 267847588
986231377 490211083
621957310 230199155
462725947 667480788
459217419 918727841
742821707 433420267
907950262 161731688
715007907 346889313
952199165 651358079
206011887 767536946
388502229 599129142
976289491 553465831
316140279 208782935
622759605 241646962
144488000 680028677
818606469 50248147
115146734 591951201
250453103 815594201
396776708 438331873
449884711 674154578
692803389 280313848
682075753 283729194
361236484 484687987
672855380 268375059
978191782 604021989
743779548 422580522
674152572 621011395
793570562 848300659
401111161 175553159
729782428 400245810
659429987 915525777
795451184 49541934
741338617 516839756
673312914 617592184
726110503 358938981
266178683 838913626
630608128 919033882
137793584 398778842
733504239 404561606
576979268 937146142
129949126 631564268
670490731 910410895
355614127 518448018
981665282 334286026
596063851 205250394
828344649 811403072
522809293 181122479
126942990 596507713
938561420 684195449
515749461 686999191
656950762 909738445
605638641 666148184
997478243 410260452
980321500 325608013
125526052 454871587
353431776 525370763
177998312 744179761
105581950 562737260
734051982 547183586
255274545 840442733
399896755 622053699
903609376 144155788
194353471 313007368
233715794 269967682
959907202 257998218
548139093 938158184
957940642 649437170
243859964 250123498
644543920 904435394
554013370 184854345
457622128 170812507
907094742 151978347
651629581 646710101
845211407 82077088
291377435 206172682
391879720 439819373
228562362 251407533
721646203 353689643
906845293 719320834
747221117 473947211
943413381 218368833
700507795 896267036
122229706 486135997
500689832 446947025
508928364 448750163
985309172 482475351
187526153 308532082
111829255 526590920
541145052 685741815
321643309 201915067
419202589 641565883
948859430 245109259
856003267 788991495
795826427 53084387
930234051 206432503
225236016 817293382
591404650 219573533
388562045 599558609
371352537 186539770
568713682 936751023
653920506 906890228
724511098 511685671
990587100 370168247
150596688 667982360
998634827 420805770
945761723 674167060
475513007 427520866
855576786 787853887
543200011 184946613
152518683 686726979
709307508 567755109
496376541 178912433
993160216 518181622
982842677 461522960
369295926 512871469
514529318 438244567
140929447 403845476
999222043 459445002
568393471 201986870
398602639 427658310
118818710 607872889
744325600 403369352
133542418 612860298
687714208 903784154
956602187 627121780
268558589 840853213
411715502 429505923
645500750 240677654
987324382 553872959
191403577 782819488
136917093 647302316
953965711 623369862
111400580 525228124
271731395 835570924
110917185 593049490
310885778 881199739
559109372 198370599
800032540 829060895
655984888 915731927
624800227 658013412
650932948 252331974
520252423 452321373
117813435 470153665
741930631 460554274
684569851 603243107
725689178 364438173
653402888 254352941
838749709 83886086
493491124 686427982
975173295 540785242
938851347 667662469
745593379 402501838
286634014 211685632
211719880 270248916
968869060 566907812
452892430 918072399
762411216 29767482
263098976 247434331
283710596 212251926
508280753 445669298
984514326 433828830
416814338 657112724
448301698 655373205
378619415 465009623
358962259 492171132
994887784 400587835
818125558 78883989
455590461 175517882
988931708 393914549
426101557 418377614
569901459 672837720
729325265 541147820
395048018 434823682
301398441 867007448
366033306 596751517
315717146 868377451
132525447 674698777
626484177 226406599
864667424 775532778
198662971 296538229
976777276 594568706
109293445 545712915
356813727 191595339
707986105 576238950
536800044 680732074
324100255 207802720
197519168 774408704
952903726 666425585
802842157 829802680
985269803 495158099
667696778 624884644
882359630 149587237
262906665 842072148
736002839 474890594
427971357 173246569
990507786 519266463
193559012 307339777
292855790 205268899
677891858 621266343
352050491 522455580
513008677 687016553
609711015 916447833
783316635 43330858
341725544 887580291
638090100 241213649
712136172 897843888
962074601 262687598
608841728 222809847
981521433 479019369
454834049 914757060
973673173 547211967
331023091 186286071
983478798 478942485
852752116 85910538
141217329 409038408
562269547 668742436
935341423 238605393
355795284 495079456
881564628 777724331
260124843 241921885
983555195 570938760
517706279 185358045
469020940 678345120
816885384 72429034
886880144 745011086
184294977 771477119
729770706 407554636
628046318 649208393
642757106 912936352
392312808 447579577
680804765 288345726
606345990 916748755
943950224 645641009
425774368 176128068
938592174 232130975
549569927 921251083
747598967 867974326
320419796 204684121
458514918 917841337
683193200 909565296
831315382 812650860
178333984 757170965
376871298 902030058
920609630 696411755
424760261 417126192
432320059 179556710
765477156 27639520
846233296 103511727
447158779 178413670
719260474 891770152
933800161 210958648
552719472 196060238
450106446 923821199
738253424 500274144
512303477 682323886
850352011 799926814
940037450 227505105
399691284 623392231
892042595 160321014
998628642 449853274
487913488 927919975
676675319 283232708
705371621 588657520
701695496 330143545
154214199 722030164
227035803 264400881
957645151 260562809
800430292 41074283
919144516 698059124
384050659 606896120
650691941 914834026
852947074 110612000
501526694 689835972
666879670 257815873
461798031 426392243
959509099 261202292
555020864 197434912
174983194 745889446
207355966 299670227
457141252 169291978
624090150 233203655
351551764 547988825
583332691 923309066
929309265 689899467
984269628 406133531
891580578 159513531
117197475 497079902
985547258 538724493
716540126 318028983
360433538 569650361
986712005 432723015
858546685 782066202
128086191 630739947
956450580 650362681
164415800 333780337
129722953 627789006
594017198 922734209
411658918 186757244
253371807 237825239
357324803 535205406
888335217 731682198
785173237 847902148
172925777 743248286
127444288 631224982
123661774 456691175
257853593 837790503
890549796 146119320
731142514 528659284
291994683 226352148
710027406 327874664
340373204 886202653
721216149 341443182
742178396 457742869
868620967 123777221
216677331 270939090
681526822 892539623
739024399 486024059
949629877 647767133
364130058 579809993
242753200 822873091
383869935 619180890
120663422 496317872
126934496 620766190
715440294 316124132
451232700 674729928
252119523 232840758
377751217 906976279
658266876 258349683
940392888 690461790
177960333 749498018
470085489 919991963
490574830 182071077
456211183 176285077
395674113 908557849
502570112 926591340
986798760 518278182
995126103 526519766
459895777 922290343
776278064 852878407
477772582 172288450
478408193 421853502
171886409 318205829
925342842 686024329
413918718 636883910
297747325 864905899
486563720 918441481
546734039 676802363
455223002 175257298
352906050 524157828
910696768 162967094
492133300 434283105
294706511 862817491
508080877 923746287
978123047 578489135
385238055 462329384
732222471 885066554
997937640 483828999
438642731 428443870
703058256 589312593
978441964 380352696
822950937 72380422
913390344 166491013
739821888 876838316
987355795 485295755
151651077 673322634
964256534 590594410
267268426 833532570
610494056 213209561
982293475 582765262
679635184 282014305
743271250 433655910
995482164 433308346
816901679 66535914
245081534 259439064
828305146 808748247
416792133 428639408
736883967 362161770
673511507 285151065
763862319 19879265
359723636 484158011
744496167 481438951
972586090 560955648
802399145 65273314
115999116 501088097
171429990 725086295
723498830 350520372
391722753 440793194
362995300 588274209
408448568 434226015
395310398 907391849
354831779 523649844
954168885 655563985
774131783 21619885
685013641 285447567
739238292 448074332
183209473 317437118
750856597 469467687
893806189 754159162
856135918 785621029
309540233 215334140
443773639 414619745
964210041 303752616
477613296 426018429
922193227 200823848
731758974 490165183
543135843 185458203
514365392 686134317
981286540 330297454
207695218 296351752
702453185 588009645
845378477 800396041
186765974 756768282
114711951 549410135
617299552 922021337
792497068 838142402
469902078 420231866
569578560 190895071
134002563 396534075
131874568 406556205
159479754 327765733
636351725 921671693
111421694 513050181
903248066 172937348
663280819 635025982
990900954 376660690
146266570 372912115
802294998 838788742
359626373 177767734
803182379 57066966
117468966 611373717
599610585 918453614
116777062 607215135
998813900 404667858
653056378 910968548
814051380 841384740
360595175 520448884
864234940 796468682
663404439 906565387
536779190 193709789
490848014 176842043
624019150 651034409
681619382 286950190
850777734 91156073
735017671 486084263
113901546 551233161
987775210 415311749
975293602 291307529
375752460 609338418
855519827 783154947
684186715 905752572
857435065 91632134
166719922 323447244
500040893 922649573
412421770 918823515
117029599 554613885
981994915 482985176
127497422 620105744
180136433 327537939
170648706 317430968
509814226 924582012
888445791 759432389
990686254 396074624
396321853 444991130
403472109 634109601
708981410 881520111
599221889 921439287
376073980 486420229
979482030 543681289
556592865 934217674
732492732 491393699
486644910 178744860
479097665 665891320
136381331 644972571
709395228 314301627
991885284 347907992
110312958 464181442
574705753 681945166
541516226 190309954
160207817 352079920
352951622 195839133
890990772 165698112
892522726 147675462
611104353 669009781
986509867 531092714
697061761 581433466
925970830 179621234
651962573 641865968
252333365 839643964
942163236 642908304
217103561 781203763
980849686 354114816
397432101 436986236
836419228 75717167
283989193 218807257
226286834 267295994
170837757 722803281
821791394 70278345
724237544 524640386
562841813 686500545
176513839 743232298
384847930 448303774
593209697 926802800
185450533 324135991
794674564 51100404
987432229 359384552
493323095 186352315
771579270 867310820
598711465 920740898
199248405 292634770
730050618 880256943
500901081 449004187
410863196 901961629
743248671 480532831
891597938 747529573
870605324 769054425
174224648 346918212
407489080 440634144
697640825 904981636
716586381 548286205
958966705 616560623
108328922 512585627
887824861 745757971
484988594 426867131
788418192 838726066
599572311 655634689
912079398 172918865
199323495 306386293
206730900 304456109
399043318 615904291
504668674 463692968
467130401 420510887
664522650 910713201
157680574 361321567
208340027 288351851
259915641 234182492
901068926 746106185
390461355 606397145
850146797 95149302
874621966 778355643
987349439 381124932
527572417 931153622
742719828 454271876
514725036 184459055
891633820 142677653
989261555 347580135
604620251 678310529
177394390 301895002
702433146 907798075
171977479 311080701
981392481 390304905
173063661 715456111
596307389 668741018
361080376 521663642
470193149 172934835
971941449 342570218
259331578 831345204
522337436 675600281
720030134 335306581
223425871 278990274
603605604 658226999
749063858 868966977
466119274 420839879
193157606 770439487
539261740 686540702
746460409 426916107
771163433 861811915
118496650 491587096
766639899 28862376
461235643 410700518
207782700 275437253
974896857 580336519
402047407 630390510
947929802 256871846
314323998 875011568
956281720 269279215
504347692 467217582
218613569 275649075
170888405 345364964
919916792 172233005
513093418 185703114
788416559 848074084
775992174 860527430
252642944 236143948
399860399 433562490
698099356 893724916
982633323 389758001
980408075 494580170
172594692 742623395
180568906 336757658
138294374 655020112
849799221 87901407
471335387 425768399
442447581 929566354
367545644 507502242
753827182 874651904
117229416 619567463
612471575 918838744
950506269 249058550
829540356 77213966
369798252 490864998
446813353 913671593
930970745 226980125
349649000 883202617
931901211 192326333
892864077 147954045
395807535 429730580
831212534 84780616
473632299 662722793
165376301 350168837
567502527 194930859
159927040 715629342
713258270 891434046
992255979 481523096
983247437 511963448
114237201 546684841
286113156 847659053
411815307 435310480
938509656 664087305
486388851 937985067
327948847 200637519
782849035 854197540
119997489 494264137
359086663 894902598
158837227 724603068
998026835 423826003
363112072 550465521
742090219 503515596
882790972 742171331
457255316 166836783
354983446 886280201
506427912 470897711
115830016 530266893
989358558 344651433
988008151 526895509
341756082 193131919
641776534 919422487
138226561 390351873
177620693 308259716
351444466 892424236
414065868 639732212
969943341 290324183
358071808 500077359
990065164 476810065
629040394 239608308
119926902 559036340
632697297 925000471
499997472 932023227
108377203 590526281
728050256 501325369
138883255 425971783
114250136 601777568
264163142 246741165
726400963 542219750
441026107 410633842
375921306 577721235
508886956 449618663
706087030 591853126
126995834 611026152
132054899 610152738
367417172 187024139
333698520 880511210
115309105 520400960
442069399 409299251
825899875 62979099
251463052 829935275
464711652 409483787
659303418 630000895
718329121 547526171
886073921 772866160
186948569 743155807
617390901 653825411
746427379 409823789
930998131 192564443
111142023 513762286
999641061 484097173
605725451 913150706
432209488 424751093
992774916 372762432
374948647 483548855
115342525 545575061
708549652 583289215
375054025 463986743
1000000000 421487161
109638357 588818485
624410080 229426488
538309185 676463037
579594122 206373450
117213876 520415532
503112515 925503636
612778495 923261370
349163483 878848463
166168072 724979585
970884420 288337345
404730020 424787438
915158261 182887523
442122302 919328777
786597388 37333320
627704200 223071566
958363246 276850323
946855945 634745832
500415295 175313407
231533653 258219318
165963410 346323284
387723390 611385685
985392642 512149373
162496618 352286207
954100166 623105895
831782201 83514693
984956600 554686288
674406299 273931704
358193927 493435812
115035336 537823544
419062032 638942789
614711778 223265187
442564295 668440460
888384544 733421516
730860034 360571955
226705487 806478015
691131523 589207830
735876902 522584094
435187227 924907706
936699569 203714340
289760560 854725500
367328858 518301004
596302414 214776470
313209704 867901636
371247454 179281710
210530837 784496138
203785326 788874380
432294652 910303560
499289619 671665588
711199082 548103992
986640879 411572895
127111612 629066685
953914338 641678323
576330886 208131182
489169686 926987119
705257489 897023859
922799120 211989328
444946069 413007369
901044687 170593070
972049529 599834836
726012217 886477093
431870774 182751484
731004782 525453096
554756814 192954896
915678378 183180802
991693747 375999923
253250585 244798928
922977186 204635216
416039929 185289902
805691798 54982135
707051484 582983943
984488680 354057373
350667230 520149897
739643960 407952573
968199776 336094970
212282964 787780712
664839582 628497970
406306487 906075865
931069374 686878865
504685719 671998608
379062199 174641025
104501979 531390788
413249216 623110649
414785894 186550945
120823505 554098511
737484258 368206477
282792941 857144656
446839337 928138089
986720444 386039141
279520453 854785785
971409495 585155845
175989199 330282899
726539132 367127791
511396719 688356587
998853458 494664813
983969615 568445396
986947494 435183451
983237357 324463152
718734244 346809489
562377681 686049538
271959586 837536575
991281701 477088610
977556020 553895201
400318108 624866203
490570260 429091190
333829888 883046335
558138068 676958806
535171852 687692238
606405354 212636828
955844973 641253133
955286847 647717666
176449216 340234687
467054084 934709125
364674138 507933270
774131691 865098001
242651097 810648445
727542832 506336578
695014749 892910609
680349854 268624077
859861681 107051146
349598714 884216979
172166426 329009485
639884331 649090879
241359763 813457875
124986389 568345809
711868333 553458892
476831528 180951992
126885737 429799215
339766360 880282546
318610396 867674913
904601641 159096609
340079623 202716706
183439694 754042725
812823003 64936293
739002073 402861595
134615632 425550642
920140290 209623747
994395623 413604380
937325003 668543573
361752080 515800707
443255660 658571486
695262493 897232904
838457612 814278108
235993997 804566015
891674737 755523590
119641715 568694006
910258513 720181836
240202737 823233373
840574561 98376090
115771417 539845273
359498645 529113028
744649510 474954018
429310796 427979471
824591665 833965215
194205745 311314308
722341841 886616639
139398467 642754433
402616635 419690720
642389363 234809285
721644975 893045580
922688486 201814978
496292794 924425252
436329129 654324026
733442571 436664695
178081248 309488363
483785485 680813424
933279110 232084085
675365448 612381738
470535935 671285574
954835533 252781140
970783649 605451314
367977546 188632999
973049285 546695134
368116505 505109095
408236004 909268472
530619201 181662971
410486684 915631308
538375768 183796194
175776098 733541350
277746396 225626181
448081151 420603842
791734859 845055293
145806628 687447877
937166124 201297522
589187769 203415171
731706194 488971754
186652853 304984837
619335025 922521343
469047876 677164950
663538084 626019836
367832367 575555826
441003243 419971581
672351948 616108957
133565256 392496764
914169686 712551686
352190120 506741372
928179364 680049090
112204247 534701600
436803170 914290985
880774244 764148519
981661403 516954319
145296195 656126651
161486255 702447339
914219445 195724267
962739055 281783543
