2000 2 69532551 4
173907289 171452001
203176467 889733552
121975159 854019230
259615627 870853906
826222277 857246593
114966739 830057480
903341230 140048663
185663370 139077288
813812341 187480580
873213955 752031502
100857365 866394009
836553302 719312360
886888318 909699258
821454953 165509791
835969971 809700353
93308458 910897447
792891794 886015937
117301057 100646887
130041025 164643330
792562176 800047435
167826322 863160120
852523470 773065870
126755182 126886851
128792562 824876343
153447288 901555298
89742446 862577268
822266400 865129701
77725231 164083519
832527882 836835185
778432262 197455006
847028760 889392308
173052207 837046122
159623494 192250444
88507502 839488534
881780966 909000469
874079003 878833492
156733491 924188854
816094625 852434659
119607705 148860903
102606245 916091867
242365503 758449812
116150205 165658052
169607924 851385689
97850826 876908893
850145340 115946905
858081020 63922043
102457743 118917691
157304904 792749563
253495326 756823452
959545164 819665361
868344454 875569149
803701344 867616177
886014546 70451339
170308711 845869390
856226908 834907729
161032639 182838572
216424160 849345962
825644736 799197995
124762811 59057687
783817388 161582822
876366195 916027106
803051717 207414424
170364907 91648891
206376879 78397924
179811513 60084709
151634137 753714696
163341838 158426914
186742469 854140087
846214925 834126471
166016869 202819864
783507039 128295095
837750440 868183288
130461694 218550551
187445157 901416883
867067414 162109412
161292721 138778634
109722634 85161373
204548505 765152159
843722659 137613792
170922328 270726204
839633713 104933279
152197441 845216329
123803916 198936567
796554466 117550385
830628131 156198882
903653825 237532106
878308189 831378811
850475809 203826501
61182777 874108494
177983803 62316001
173470183 199882705
866735465 803707611
142305022 233801529
153597077 252448907
107157151 164043208
867707488 863440026
852992668 155812419
882996288 825972364
841192096 767058065
196968508 242082807
68764056 145244172
159949187 885057661
799574968 259452011
160001780 890103003
125536347 899706496
205188940 939819814
907415387 106317330
155916192 211654127
825533903 753749843
128570311 208654840
169182903 207897052
795732684 871621640
957066199 130809775
825060606 836587934
853226791 166544978
889504963 114770471
162810275 188063426
905496421 151148955
870697739 895996947
869674402 774649684
899768547 95332218
839082170 85736156
138907719 201995455
847701177 156652894
216712499 191997964
827170926 809208303
162871425 753754839
855196129 179948074
914292251 230971490
124925629 818163453
88856102 168208968
878866006 160554427
749783488 821445449
161459657 841361715
916989736 155890608
146912706 843763860
816139913 844518947
838003939 799391517
799286429 823366402
155755613 119218190
822277417 880698104
185963482 840764247
148530753 859039144
241925915 166740554
187060268 109154639
832858700 850688579
968426975 885446689
174237527 817430426
163025685 139161680
924656863 931384212
153084210 804919845
229938446 783672371
819438150 823742121
871838214 98728032
90004936 153224757
177243050 787560939
203501001 182888118
182103975 196408256
186471523 905593702
189754370 175865450
934523471 191385028
842946842 886933762
207393758 202530713
234803178 175791977
881091641 141431919
873026857 196450250
836089004 204375865
24485685 150698591
910608346 830395823
196837075 904028726
939848066 795947738
871465419 176709055
792196247 216034793
212185092 112764557
869190925 79591445
767931238 130573044
876494881 122357115
936198491 157210720
192781737 122747503
877870296 105101384
868635246 116122065
787122290 860008290
876217197 198515740
257486716 182251602
853233657 928376162
121224609 174392752
809146685 804477628
161288677 880678709
913601716 873309433
875894449 142282982
156738935 904728404
110544305 805105673
871773895 868407441
109568652 871453999
221625396 141883117
154803572 841631021
929794167 837138492
848923402 805864646
921360097 863650573
848153017 875826404
229084776 185660304
911237252 249758539
934437215 138548204
831059660 844419710
937508897 108864280
185904512 106981142
814732784 819897840
843635912 244481891
876869454 867124214
836519030 837016503
121194949 757322626
164509028 845163022
181646813 137906533
102047051 138346018
879908332 84877052
874504669 66223137
818755548 846283318
883447497 947900573
235804064 944734714
831070517 167654462
84087040 852145513
266508773 186025982
766635657 858781919
874694761 155235808
193214174 134963845
140208203 841979229
826380863 223533161
830370940 228004630
927000377 903131657
874573817 811623136
162722758 142289821
182213877 119779490
869929880 851588729
882307958 163195461
284693638 218310912
870515698 948941965
850006846 802968014
831396288 201789888
168550421 916652073
901784280 821955801
124032341 914438250
260827543 148819513
804756606 186038441
844755109 865652528
222548285 223817870
131588099 261438809
154687625 119000190
911239442 931191925
179726321 141387957
181062639 806381772
804403137 810475581
200787450 183270260
108991039 116423827
842860317 899206916
170843761 791837049
894747853 112666857
898979119 885039719
867952811 813326804
897026196 879569062
810845217 141340093
97472281 900031337
120801714 228790584
136822256 840254009
888950284 796215912
887684943 164328279
865344011 173881591
219096959 128675546
878744384 233082677
871627175 171387288
845307201 204798002
944220586 180305141
863051829 147994707
111675633 65020778
140788126 118394876
105074994 826060587
802594959 179181928
849530367 805161476
65128367 150559745
771195135 180189019
159591666 877942840
226874908 224985554
93045459 132628149
222882110 782804545
887742852 837082789
201696226 113284341
858259897 757582821
176423162 856600018
192167776 188696211
913220586 928701690
902572433 786677354
850271500 185347978
907016482 851083003
210332748 155851906
788923140 173601079
789943037 157789489
904205372 151709842
793031383 887119569
197695551 999578328
756482396 845038617
109875724 150763881
71361674 185462516
167323331 122570741
917751260 109698086
126935868 176978945
849594482 182603285
133079124 821551223
176392341 170126271
269871560 823452440
47891578 190463149
822245809 140552358
199982015 834741666
833838409 867909184
154050449 889068817
166308613 222767884
920259263 159506789
93703789 826989295
829927912 858222723
760830276 839674504
812153841 858207122
141411071 140994128
184380054 197890493
198933169 916101246
696808058 236770359
848867269 870194511
172571963 89868176
213220220 934127960
241842200 156943539
849144834 943864306
227686508 236860214
141530610 883603953
238914577 745279992
820584370 880533584
856022352 877511273
925211505 862147696
131425171 955265882
931540979 100066570
828662249 164042554
134474254 250811844
855759013 853287739
866823341 106184007
163565995 220576258
901355688 185773208
217976851 93233719
896656209 778237766
125361748 928702131
224895807 212462560
904941819 891074350
160219714 160126210
214793387 898223727
847005380 847920566
182206820 158151697
68168827 926084144
194568300 867378687
779112198 77569774
801884125 808118118
840835242 871986764
185812400 785595876
94546282 235959063
294235286 160269695
209170082 109740250
844764119 85776788
825137473 839407589
121982959 820585743
869660097 208413108
118365877 178819178
165063907 763852017
827420261 135676124
196536973 898537623
851574396 267693832
758847275 888501399
187588825 225744191
174505780 69821683
82226080 177721468
850403129 846003257
117763747 105583150
853251944 882726202
191933969 823732590
158307067 915557959
108884536 889043268
814048202 161463140
126964192 800107985
207313867 175878277
827777633 830032642
202420392 823578141
896742832 213266174
224303147 845383556
834312100 815067306
848552935 871372302
148295091 898863754
839215548 209929480
871146773 145182497
787718361 138791921
210908255 840830249
918739666 149087502
182757106 875194054
839219609 154409913
899721071 791642942
910165220 274256175
930581635 181818000
874452077 921484339
124079358 854325538
66358036 951310039
87824338 827196720
98590912 881408032
133123515 132918675
172987585 969112198
207859540 109391977
861142296 216116057
895918319 898817176
189091787 181745683
116528970 828048042
247425907 162598229
908942440 855941777
870419484 773933283
881853218 121532559
185945081 809160322
117894010 770427883
92887610 154577770
841674924 826643127
171384435 57628061
143931839 141294307
176605193 879922484
155661705 144553814
247222924 936436694
175504273 828757005
883708539 845962251
865874988 83640426
887004752 853091017
213969410 820963022
725249108 212077041
112999575 274876134
894868553 789363052
884295351 210724297
871827765 776448727
867524976 917912943
802892577 193253530
958854943 774033631
204623404 234614624
103976124 909560871
880685777 200408631
893510002 859022228
88641420 866289699
921893748 924581185
815595791 820354563
855161094 97335829
849748898 133171151
895148765 164215197
148031609 223958201
141734022 858025523
180553578 130655189
913009118 857695877
851022800 116627372
903521631 753080323
167221563 847845496
195588670 883419639
794518532 192591294
225049134 809260806
204876560 854463206
195265437 801362402
870253747 803996464
112888822 925542592
161150630 831246550
864983317 860645860
857049621 128172997
72754118 225101962
847259035 272661426
184658466 211201558
232524501 827288412
202738093 172372270
902057568 897331703
172193922 251107013
831435642 845965555
906141667 809426341
206055352 276004733
875975125 723544700
86396298 877350301
825999288 207389534
863563235 860534385
859560459 176617344
852963123 907139943
198294767 759476226
869396777 72730254
855693606 202524305
160753094 815875993
862663192 798382247
79448308 834052269
132505048 124457909
821984858 188934476
871141129 111673552
172368505 132243941
131349388 933662800
748153887 840501619
147143670 122847686
848445485 93699868
868432295 872888125
196201010 129557910
175097442 123310667
128666030 860085199
241921644 104193366
742658904 130296075
803705828 184264264
160356746 766230431
886339139 862206732
220516480 784176503
142705891 175388099
156144593 832585909
154962871 158507942
147295671 187427920
945885657 221252404
901241213 860578600
211279788 890339324
864776604 183287118
859489824 779084930
203527354 155671923
215624105 837555082
153255652 849903434
922543398 828763266
136181861 883224115
168716144 201617064
797098508 138139366
163014291 182203665
805783846 750014497
151579599 204416766
193792384 228387961
831350138 887342633
865637716 878718206
166978699 891025555
880927593 852805949
829912035 53768280
794005942 91393148
850573675 127006347
681091305 831239646
116571570 92884122
771595881 193700548
171131962 89439450
170398206 156119507
175285189 866792999
760341800 175625574
150328871 160897243
165494997 878055194
190493363 845090993
237403753 882484392
118677973 847091558
838112711 814602311
790266556 769547186
179259457 130955943
796185699 154642509
64269432 157940326
13500984 847430477
182119437 169091331
877937725 857309966
966831801 782184860
891619871 790598730
856512965 107077870
802727413 820242217
179664697 164210688
132346417 82708886
826572982 804179848
135674894 201943698
109590155 162427391
184949506 824357902
236700908 114950858
817487134 911331583
898449873 800269109
283469481 860528874
814316225 200984087
123753144 139268367
157938210 883271292
799674110 195407254
870080486 889195065
812466806 863286678
107537069 183252747
235567505 817279422
864063385 781643803
218092230 106389178
843106502 204074072
820530308 103191536
148174840 905165046
226389095 212049456
207900099 781658182
890927033 116985703
205193178 856830455
137439796 923340050
780046683 856420581
159150988 861867539
87362685 214550687
141657180 144431840
162781439 891304663
827812585 864428565
168471951 886411144
899667924 100862063
168563225 836195765
125895092 810479702
177829624 798489431
838752406 846005175
94290875 165876447
880895791 825295778
828892779 804649107
852721660 73123249
815356277 97207124
134913733 885577937
119609247 847646749
812794952 181523303
193906191 865809453
832785506 155548228
829258207 857514299
130293816 819877246
873014233 863822655
916103693 887119928
794589403 179905358
873951734 860948890
212230271 885479679
160196292 146596641
846879628 146651087
230621519 140677614
115694714 77592955
916684429 737784660
870094835 903244195
179648886 861710781
160483730 824538143
826387056 191144113
115419232 191495254
172795348 843514785
208079156 169475298
815528010 789829490
63074318 811855281
128303341 173718654
775457624 226523593
174020140 828359116
865399705 940265451
910718162 154267751
120967774 160816323
133768912 869803196
786212233 179998740
854033585 887863084
157977525 969476429
114886353 213538863
159794296 163789134
84991629 160557251
78082594 172102306
828852316 822940050
210219028 232893585
822192097 166373185
941314780 236284089
122568280 186359823
885448839 153791366
837285890 137832161
888592729 202818010
813601397 835758250
176154460 898222312
128521325 135397180
930861966 835439467
102485235 879482132
146656694 206875794
933759893 859401546
828978810 929437311
190585930 821444788
176431640 928073193
148718077 903786338
141570881 157087819
892849947 154492308
916664807 140311125
182557135 233384886
854513374 200686577
113016420 161097628
863091657 97588566
187643052 827315028
872169867 64839720
859678482 839173763
900501459 244829566
144935417 193846053
836028943 171311776
201535247 807469736
885287014 909476332
96518805 170096187
794247278 870511433
155069820 199238001
146968650 114125949
851771619 180236778
189093451 852080443
914163082 154149676
827180393 112549184
135207286 833207265
186146784 831690906
154859040 223048051
135416557 238224252
866816863 264214703
847746285 849678113
165219986 150954662
139812706 840656327
119385430 815686815
215070655 209468460
850389224 210061595
873820162 113575278
889202930 898112714
172958710 874713688
783960092 919581811
152146742 871941516
870556910 181677111
100742757 914227254
123800846 907000014
930262474 797823478
797679895 880494374
900312924 829592715
875306973 778048014
137170077 130059037
188757906 310070776
896819257 98415472
158764034 189902074
878662977 220474841
170461977 118625947
836109992 846738796
832221227 817759458
122646390 956079823
53874033 852405659
872601370 919394157
810326871 137322079
137627930 879291283
178483210 839791509
751861948 137137135
236781324 113540804
916886555 185939079
934384786 935337421
897717913 151956092
257474548 976701506
114193727 836614601
175671728 168752456
905880048 219581961
791319074 928435063
119802694 881434257
185175278 893354770
902481545 877439662
166443513 142801960
126240901 921064522
856054162 828600727
810424531 110858749
832641498 92500376
826029923 894083579
202280105 973858036
115280826 109581473
911697156 149828227
216878356 143385613
139683965 93654328
208076623 830777582
847418011 912498777
800449133 761255849
190062451 947496987
914946058 813637990
850775161 834126626
181801584 866235500
185134382 197451663
789176950 180431581
107166362 185346476
190942966 157569660
787073034 233280287
839800062 155018416
173524968 146670281
772790538 102289835
231908085 834323592
174127128 60374346
808960512 204491723
187068569 820249768
942831377 219242454
183843389 786279675
161283908 797537348
873336081 83934679
219570590 136854718
756813425 177512668
866919591 827739434
124448754 255152245
108768902 180829532
217924046 800928284
162248969 174459992
898048359 95429191
937081266 75828503
156436119 878476231
819376713 188047707
137161446 755348739
872426874 73666232
215020574 829040612
212887341 889322309
813158999 128412728
828719662 154855888
783163236 160173076
798219828 117934468
928406961 226818030
105657167 835957153
104202362 857944006
181765521 948463835
934764942 149968354
97357229 860334411
175907182 775080595
179828905 797517172
841207870 244252092
901308420 200435595
857923914 819811384
198433301 255686745
80969936 107603458
119934404 157547904
198611711 852420850
866322026 831350955
163568355 961232564
831111458 837483357
834186096 903204018
859504135 825838155
202080067 155830575
936896389 946449624
855082590 858117025
182308431 859237226
857931831 901746794
818978535 196046853
172079976 872083986
893228388 828612785
241491066 67289704
822134410 135425130
163792194 911982377
813931708 798937222
850098321 224041791
253111877 877912601
778771130 865795900
881497007 843247637
152959849 150898567
795335746 248234065
160424630 860290413
128120792 128558400
870994376 189304670
124704203 156446109
82779555 789463013
152867567 846567547
65409770 25307922
204398055 189143511
150460644 759656411
803951603 163577593
148611527 807923169
164212622 824377520
228022010 156127243
147740896 214911987
163909242 797016296
151010973 688985001
177189612 105875113
766396197 222118021
861356086 120060286
820603899 242951812
178936705 890323439
97637433 872332542
98563610 851276725
218453196 873461720
873802629 109737171
206511307 843676600
141939784 107292906
804612022 185548377
906224334 175959085
783649256 167883605
834548581 172850180
145971291 163744598
103437776 882652173
155893774 204014988
949657525 812626494
116623992 887920037
835434452 764335509
791051787 832765932
877547615 247070821
173877939 132427605
883896098 83951355
936149399 831701844
106730126 892767419
202447584 849800438
74526625 856164414
116728745 883511010
131726822 131569781
58883746 870114191
135521541 134657945
865142403 189523153
908005059 143437739
178120679 142733831
110553804 220229847
825256509 216939096
152274729 191106329
855748281 803694805
847261753 109448946
812398016 149651235
104470124 860691635
868369194 94547981
946590875 187501005
221840516 836139200
773709262 147621897
776964826 846434478
905429575 868394949
845031727 138266678
191407386 190966745
768843913 921344216
288194948 792471158
844967371 84821662
810209680 864159439
880045221 185613527
872023655 811570888
890416395 785201846
126034018 876550305
255152174 187694457
197338603 868145576
836558532 194258140
834500418 859770648
126325256 918257547
153888038 876884859
168779044 93541801
872744113 811662769
210402615 135512967
97741625 831251962
876389227 192760514
188328130 157651885
816022303 223993017
161114269 174142715
824149101 858604314
945771806 164301377
70422344 245227660
119615817 176577059
168975359 256556218
188143837 108631852
191379426 804968272
857308123 176866384
922396101 151652266
829616420 142404221
162244218 853229307
175310107 139661014
846673118 894800145
847422689 873854105
200975644 143145048
877901162 163943758
902476705 849999404
135978777 849382724
147631066 161243645
44525407 183981718
185258965 128988509
792955334 82466021
168818936 167194918
762543243 860616656
873617186 202434170
868814433 872458000
774353762 140919221
915682438 773226073
834267107 150444984
880004056 845927785
872486837 881855942
201256984 906666221
164383194 240690324
876639208 779149623
799889248 188394430
131833769 883760630
124740470 83682196
194549951 91336498
836834131 173867249
224734129 171908942
152858638 71607429
860784909 940122624
869408558 822834043
926397221 834819525
220915691 87212884
106285269 81070686
102362463 73945858
897804444 784858739
183530933 812683140
129519539 757505339
181601618 164882105
113109959 879063241
827992534 115012967
158319715 203522688
108275790 832419323
90592450 179593313
876270511 120540300
779954146 821827348
837681649 832665045
237023942 819318632
140873756 197809791
797062154 892788921
874255949 913617312
827461511 233030338
224130311 160545958
154758797 883816750
133386634 235536164
238828026 871002494
96423084 233890057
870718011 205385337
93618833 166820337
887126338 141424317
260418797 104212747
117816508 180495896
223770625 913387570
196920313 75107857
872787581 159657949
44135664 905567910
152845654 251975009
885578050 148944827
196453768 270485178
129218723 881152897
176499378 838534214
125077888 86674817
758030793 38657045
110614860 186742136
120889074 798317737
841952351 797922167
880475989 126433750
828516842 918926809
116573023 814546705
135080207 230713354
891516174 207607864
799919053 825764344
746516881 177954731
809492366 811097987
810780637 914054200
896702022 899914737
174468636 747136827
835551943 130774635
126497581 914285992
781704992 810473443
66895994 135823016
170593651 188945345
837406675 927335114
742834063 239862197
195060166 895466364
144669732 166197467
129708878 773661148
855760081 128693552
830542911 872548086
134108405 888973036
147824672 828739934
107111503 128262191
138826576 839726097
815833561 141444568
168140437 813496526
113507997 194369983
858274230 171042363
924045339 201424262
207428907 845626518
155901914 185301691
208154076 164025290
729228258 995496236
785704660 863070538
813641073 877463392
836135600 881489624
959912846 906377793
808825301 91957607
182264262 219752826
821997999 836600312
86442175 863116254
883809896 869253663
171175965 822311829
135675865 141943598
870146189 149238740
801679857 198007938
81931409 890020849
99466528 789177636
298151547 203657527
132183159 899825522
744326259 840903834
847085468 956009592
27923961 868789094
852393669 800419190
215032911 240980716
213313514 850203145
87278915 905944114
852608925 815005691
167333555 874220572
154393429 78890155
840629233 186639930
207123349 815480782
140605339 136807119
799276768 939980031
918205702 164294324
882544182 157643968
877505010 878698630
789137161 853806084
156984979 827748826
883102725 836213017
132817807 241206678
851157358 847772628
903998804 149671915
890230281 915456080
774502273 137915075
206655918 172315321
157160649 838563061
939554942 899764097
839385265 835309501
916798961 862491292
858519142 184666932
884311252 851660345
879417652 949408610
210635588 786814468
145902637 794524215
185213965 170127826
920362528 96762704
778564033 123170122
879902140 930113373
194430378 164195496
164498238 129728323
815763062 231155998
164175997 160323271
194650923 848128915
775917767 208879884
161919044 892756199
157549141 145765837
861472797 205983051
901853462 26558931
144859951 152085690
840949263 809999492
827738812 919367188
853006943 798628786
153155072 870198092
186401273 143049823
889266809 855393515
883320471 175791117
809112583 174895938
842454696 134419483
73499757 261377649
167818495 98964747
854827238 854839947
777633252 107828381
72044205 116816790
87572490 108426575
849402621 890064749
852105589 751152984
85146721 803652186
178361151 854243498
121015829 203871242
184902769 832931499
835187035 190140727
190366635 826338695
174171732 91030137
870744278 796202389
146902291 161843094
81859956 848904696
821377139 928426309
205123555 196056211
37678433 158318844
800553974 948085082
799563231 187727713
137964871 850322831
167381650 214707394
201352070 785811944
827112315 836867970
852161910 907284854
113756791 236541710
891964611 919761498
81313875 837125860
913192374 824606058
861789944 835744041
888376055 249783730
990956974 130258338
93119329 891717348
842093638 187798914
858736587 855768305
193535896 122001217
211466014 207703626
183209776 162226580
853978336 842487322
227107562 877094488
221275139 855236444
890052733 901061398
810238856 205059778
908590575 174399729
855835179 820729191
167462054 833247586
901154710 835664554
843258792 847585656
135041197 176905765
716610840 216623268
148831983 858003439
837601434 142921621
893826439 799706778
836678466 165692917
901212360 822793289
176672154 249312387
150072275 192085596
109678380 215557138
981088608 927334209
892602866 767467246
189051467 101827840
177140719 869209935
804741302 215086123
161758682 175274961
910845370 85900677
947503981 238818276
200716536 853557289
794853204 111500129
72268528 846636974
847151400 175483936
859063438 821827452
139412181 936698028
815674326 847080707
862987083 861649608
865665494 854809356
139312450 170946803
827728428 863306849
105599683 848310139
890517828 225512650
109011293 194260271
246232543 753628013
845596086 886742776
843631041 297632508
110438928 224902304
836415636 837381602
805669513 762017474
813587046 117287761
870577494 907926300
103076924 822380374
780284130 178235604
174172874 61179141
882471276 798598603
160093705 865282059
107325592 873335160
187419118 885950306
143890454 878505643
124509600 183755471
172675516 818923652
855099172 849791671
994020854 129148980
849204833 895437484
895391096 109817375
806718913 148693880
173973733 236960638
128510085 138349279
834384090 722398327
139844720 295060394
888817364 848666874
859329537 137381418
910791727 207124635
905113201 65636349
181601484 924149746
104593284 814062371
168928099 835600991
930102594 188929532
823936806 882633771
850950991 873350425
845619776 880858680
809507653 163426972
237063393 830562250
189231596 868949134
770163062 197738090
811895139 134346744
937695056 852475396
744838217 218517417
183107163 896981529
146828048 190661423
878852534 164491699
890639034 838099490
834989204 172344172
854041205 188118728
909312435 819327380
833893303 875647433
223329864 112762938
73926009 864556496
130751115 52091622
159302785 69095153
852759886 861222328
163453178 129371795
904977628 870101780
152805476 816222452
153555795 887379861
860861572 785333511
161282307 891649089
196194343 884441606
926481026 841560678
970693503 870134137
138270672 184193779
172652504 822135174
877882687 285649531
847856372 867754953
738513935 901352963
864335382 130062393
225506422 176411706
753066096 734738351
884150512 185358203
870220484 130167586
185297068 202346796
866217231 100369057
819595884 198270146
182139032 171347541
127761630 159142811
239563324 199031712
280622826 829534013
840707221 141545989
211247170 177048751
844127407 220925227
834410846 906142275
846743203 165010803
855077993 123902539
255626125 836270746
167130873 127402624
835555045 930785163
804809264 166154598
176179779 161317291
150900813 862869181
894155614 52568637
807030759 167924277
162173925 891910214
863823317 101261662
839149925 905026936
135990728 150308959
772503852 142256925
197256149 96294484
805111686 854131065
198349280 203462826
166220940 919156071
81789156 197009902
115067463 762970462
836186294 110599944
125713564 186664765
151158876 155665171
830735696 109974791
868061479 85470106
174432537 201526632
873295315 850744410
220317859 830973967
74566824 854073033
885089259 168404555
184184350 892315104
124735848 83073178
171221582 196740441
884784740 176015249
134129583 102403479
132630442 161146017
157658649 770434647
783578513 867485685
882491677 134290271
135008537 829802542
902080007 86992840
965539948 116935175
839739939 187478696
191295657 176858741
180389659 198679085
165796918 863159995
888111304 853153368
841283572 121290483
145876936 128662439
861131517 823719559
125870006 80710211
951464864 836146444
162885511 178699757
958950561 141440051
161004220 742452482
107653923 947884235
195189586 102775339
829910135 100791912
134194537 160125191
110367361 877917927
170272504 912613903
819269822 824850325
130303636 924761123
172502915 778434477
160806178 145960687
874954963 847543444
880610434 167176295
231349879 819962619
881619409 863649915
151356455 814408135
886635103 190295319
864340126 889267226
178558666 750792050
122652667 93805014
840859737 942747364
165699410 152514756
242928501 206650897
157625253 862890658
859808454 874814708
814759307 134457331
788829226 812210388
880751791 144227937
843855991 832344631
855092378 960472006
823441373 189826871
222826329 80718364
223875792 167940637
145083417 867930159
872528891 80192880
93546146 883956534
931497554 796727228
879927966 76441560
861096226 805106890
842284015 140387959
193863826 253512419
832257769 117743563
853811930 220930013
193126800 126958280
194816746 862676480
890363141 120750422
804072753 867006652
92552091 120392400
160959476 133091347
252827100 148787411
84624269 855995952
107974273 780541806
120919667 858850341
758649072 94840974
833268149 129194832
852605764 852741910
132061489 153135483
108565095 881248484
152357550 837189723
109810677 123137128
880594277 855290026
805239516 864835440
90849158 145717467
840624340 133511311
186445708 156669502
153658801 166819807
987529018 855313659
821824754 233843420
858826733 172127368
275411084 149547849
912244159 865772284
795932618 150205041
812197857 126069533
855195392 842251603
890148145 139399474
888933244 153783136
941914014 66606852
204051667 167029874
107090624 76838193
844958270 913935210
820719399 886299595
107305018 172344622
839729699 812940332
115199917 840111783
146540995 781149461
850048055 174218602
822640388 168707331
193294589 92618052
172600563 214164027
731966525 229440402
241061374 898812118
122192544 753698731
107920039 728589786
96663268 850151347
868441413 208240528
119499813 211583817
212913152 874627202
960006692 891693667
864448449 877820691
99763599 900078438
854808376 121643336
198097367 202360249
80849806 899251238
214018551 165783577
843268119 95428743
798453543 97127906
92224082 846495787
129445981 143363050
868315835 893314838
796667965 794104813
928139734 132593034
169398382 771562033
725110654 800253129
898331410 225925233
149893850 839910660
896560011 189502394
134200795 15591981
874974797 191539150
854544228 852097490
115696683 155892113
132539960 102929202
846793207 148431836
158822800 806906144
66398472 882354436
156945255 836852055
903390600 833216894
843534237 267439381
788544065 179184912
808659456 171394289
867980600 860042405
151662563 152648458
104107145 940492519
228759345 816403020
805524752 223458226
140290273 813845458
156291238 139724792
812584171 840534933
190431400 230833259
828933295 207756831
146127150 810618592
854972269 828907934
220654252 807789304
909840616 838187784
837450805 861581500
143176731 841162965
142081866 880036423
218023364 895747754
225657829 176597021
903037366 849388958
736068669 918079298
139915728 119734857
161976100 881497026
182987418 887728604
100033355 810116471
839408029 169121007
102190747 136903326
139362863 847048291
806996843 118601106
252334853 908697709
153555696 783923522
869248245 176678899
166746817 79115172
256519622 834732834
157711149 833998124
137580045 928294045
908012573 242707562
834088745 115843117
869559932 287333763
840949578 816707491
903813419 899534608
834441665 164692644
182058657 203569470
841517354 177972992
778963209 188376563
125042465 121143742
112324236 154456848
939236261 806460452
861264747 932568365
812478816 895161615
169460229 805831900
841392992 208845705
135329151 280987625
268712928 848642715
794080009 779092579
869743546 132113174
832908193 834314767
819034846 807329391
228118288 118425938
129372584 872543837
178846153 190631797
943780273 149086855
837196257 924281404
896142060 914132526
163781618 175545647
853048986 831244998
85036681 881988653
218678215 878348391
780781255 79776162
904712995 97962241
871826554 834669594
876001418 832318891
776833289 191956593
820267490 195213970
170395738 135159324
172027790 267799302
822706992 868134076
259630529 863655660
161664468 120807586
141244680 159740535
991141446 896595026
875745638 195453311
220863800 820683691
894129462 936466700
858242758 64586380
820266720 823015216
838912539 817338583
194268456 195156253
931914432 198804030
192043981 179404361
840181283 119216007
169143579 145519600
897345427 833735909
83884556 118333871
824454246 815242544
865059109 809136165
889645947 869411890
847874833 154008319
865596411 807311298
884131484 872348437
799696390 876207549
922555883 95906998
796397395 138525112
128627995 102734322
874512867 113795977
109964923 156114215
143685089 788706542
926608034 830656561
175432122 113768619
234960753 190032676
928410908 73345784
216448834 185921037
864108486 840418474
206118222 166117363
900701547 105188661
875075660 128965768
897477392 111763066
877878051 168691089
867093586 867253653
65613096 852819445
900406904 891845967
863072515 821751884
832460013 230979987
824123772 180456047
271393978 808784555
901601287 878575684
139037875 878455571
975217223 867880270
895912841 143652715
952734331 953228971
813795895 876440556
133141045 935457835
238485977 190903895
877528821 226076136
85294927 855025576
195118060 142053585
830991615 826406135
807589305 865632014
821850808 210158436
901103420 754830430
185368819 1000000000
953243810 856511442
165401382 809946433
914971100 223846284
116424421 807365940
811401489 207976983
848914110 857449866
787655284 914276638
842754482 129525222
198138783 871874377
781767996 804243082
141898530 179887528
811650422 863406612
216614324 232197030
192910664 886400953
125439588 854875933
204853177 846571692
815175500 140055613
118118920 835239948
795880207 873722419
119212411 159137840
123768446 844599906
116099783 891431776
182237298 120061946
92910271 817962000
794388547 102432579
162035473 77796335
880677699 169841007
203284801 913176714
875901583 838899433
177250297 137136234
192040847 873092100
108846636 190928075
178696904 208733217
140045833 878609879
140369316 864412476
153425840 142800398
880508180 128535686
880006731 199223050
847707374 117240895
805227343 145106132
151895234 202762074
801391809 836811573
839600850 742217473
68915367 231571640
90809557 154224273
264939876 121926470
212122202 126172777
836055071 190154916
167770466 154257393
834596881 839974416
149039011 95400549
899157428 242980768
181785897 908945691
849473286 154712050
843664933 799678860
166052355 812380835
144891955 186772548
825421406 844427958
136408661 876521072
888095651 866569591
192926381 797538203
207681174 881689345
123638392 776791330
904947247 119089169
811015497 862622348
821833108 889139927
199871454 80235744
111566132 877921039
857340299 827819382
857279375 127683017
154956161 837881765
199970195 124494861
227708588 122735237
804418231 872656307
967951547 872606261
888139245 191177744
228945236 842065154
805384549 876011819
856579242 101712805
159535145 844947507
938511928 194953645
226207834 191070494
863046782 866367525
100494626 811780334
839056365 216482605
120126203 826038765
887242308 151745708
798307825 774619960
188248793 895968681
794744299 172969310
74023327 863222766
119551285 965369492
210428861 790278920
840990237 275946527
213506563 839829424
848489237 220195576
105058836 223882108
159468093 140001098
799010889 767457694
160474070 831107119
885051822 134199126
214695523 837036432
786822423 889466139
857365521 798336243
859765291 86066638
877752555 118724703
902010844 879046126
864213334 174669917
926085025 955740929
81459227 851667280
62199893 838464756
169101045 790681376
852374235 833724312
209232525 890301422
845161062 801219078
866741290 154117113
140450051 197993410
119221455 768592267
90825196 830764162
861430855 109407289
843823151 841701588
810148571 857911235
827693637 836547469
132865917 127249709
237733899 183192612
105679183 157221783
820413373 772059288
800291574 792625552
199393237 912248859
876679742 866122196
211612242 199277865
801158864 817010129
228224699 168959170
869846174 177714220
863551432 859403702
818431103 895216894
795420491 154696981
889497746 103892779
784754928 182164140
806914041 838351203
135810435 129503270
834037839 830966014
889126757 834672582
888221772 818329395
189406608 141038823
879581790 915581486
238784760 794512981
886150983 143081834
203482954 91073497
816193258 904072447
721272987 180207535
97003130 94043612
880726013 901997423
810253221 764161616
811622080 155626745
816869053 126108155
856040113 263387584
963526586 146519237
191688738 131489960
887769159 859573480
180668463 175434524
217633349 167784369
100144600 927115243
123460038 919610039
839694073 896746018
130924841 207728788
826178034 91126909
164951524 852250123
177822980 83192136
173077800 203652581
855904708 60850886
853948075 925995486
91044559 157256053
905913180 141438934
943733315 866125692
888148346 195797896
189658999 175647113
183434811 216778107
95175499 128167618
181256081 849917190
792651684 838850030
83581389 183296899
892309103 158190581
799693086 225215576
149739200 897413678
922863445 69092793
60306400 245621747
850170552 116865206
891487958 173644038
236766779 106156157
822475930 908394796
960077721 224650428
841802455 906745068
233845181 170619492
814892138 135671678
230819394 888178253
206296842 772326939
227196774 188025521
768228112 79567632
131827672 132822511
888968758 116622433
215729183 734043129
159014718 831761453
876906643 115375292
106075995 877008716
871522559 140759027
139866937 125014614
821847709 211644367
851472780 151010411
198702824 801942624
167761559 894534482
853485235 189294430
104450647 842412432
228857196 203473830
855355410 782945740
823100462 185535219
808389376 821774288
860625386 189041994
784969100 917473199
862590569 219126277
827735356 858119402
194859615 144029283
892535099 834304950
914524532 822083973
828007288 858681050
240934291 213656684
160998503 909026511
103793508 205179731
818327693 788344044
853920638 973216795
926867395 193282585
885006054 857239550
143001365 65893690
104895459 793416232
878321179 797978387
854664264 871165742
908949174 864779913
104398844 218875833
195454932 793483430
226802849 950150535
833749567 886092370
785807407 165252989
838700129 195406698
115176004 924436237
89443589 235758064
840760446 100286687
104930110 156098842
108772331 784689232
234629626 852303468
118401084 188712521
174361026 127089337
842261131 828215739
877679736 861546378
138795897 867307163
156624081 88013090
107263003 216497341
909481071 861098721
147404159 180673652
894161106 899731558
285969261 134395549
128942398 885281573
123590338 205844367
175593732 137789546
138096449 817092129
70733286 839770890
764973091 167528572
828270983 944709542
806595069 165858991
904985426 96396838
812017877 118805247
170334700 890591489
891939088 813000304
906984545 766660806
238932383 132537599
97684823 878404176
955116547 775468399
861909323 283351687
826949847 203003470
849485753 187024189
881082360 930883545
866560485 182713033
116817500 203618693
889147076 136106243
175274166 117785812
129802786 760073466
794063059 0
193639600 129911949
887062015 172071318
795134295 779609369
111907444 847227551
824235977 200564604
158585441 195346836
898925391 45352153
819776314 861984662
812936428 232537098
829397734 119860067
212806295 786469229
846440855 12810513
936057085 171299289
848151472 865003037
137689320 910658004
774379633 788475395
129146187 881238285
96130267 932761985
170211933 160144664
160688150 147904632
191438997 857688429
874167051 916209172
789614609 847084051
17098933 166740606
126696746 150776608
200599629 834224493
142854571 122628853
870249229 894146407
196674725 155215123
806114622 847470804
160222263 129401602
160577839 216137019
892514106 860611315
237671828 867355222
169513062 904875344
159183998 832211127
112790609 864254730
870396677 841167502
158550326 966284204
186496246 120411642
77300684 893770393
893668513 952732677
256825474 167261380
833995391 181340154
867450888 857027944
833584276 884264964
945182548 203297033
90633043 163515813
246104822 111815723
829443025 982721873
78714342 81423896
187997008 974388415
124632997 828445297
769355463 163019014
244433482 852849867
67528967 845145878
873436649 46766527
115007971 758621992
876831140 242434834
213598450 861796553
148913292 192965950
912718946 118492922
171694382 72233414
116885232 162468996
182531436 835707912
166847223 953186444
232945641 862789899
125150490 903353982
888868791 824208632
146504786 815679864
770092666 143373732
223493623 889487200
836683020 228990143
919807625 815659727
60124166 157219541
195833415 220676355
138770866 188414474
884249994 115311446
255020281 130413372
868267685 113625364
126400577 910815121
253001828 74802743
136697121 817407066
853849545 859377644
874153069 240602015
183583403 180586496
193048941 859167092
764865319 810795498
223219393 905878649
953149375 97245688
965392668 895013219
102633189 166098199
155962006 68428402
211345623 859044870
887365305 144881652
171096227 195124816
257577441 71798901
212347107 838170821
112095876 817986684
158167085 911752073
794115266 211474913
909691968 147619020
206303366 796360246
194878547 906010685
151191748 896307450
149297743 730024414
