2000 2 23840703 4
150408602 645322400
273451278 205385391
987179891 437273913
606101154 976882600
43169574 429320656
349606171 853943490
405407626 132576442
558924107 15221024
788742576 878137404
667804261 952116691
937004101 662548867
882617466 477209956
890901328 583199579
443268176 965379622
135940174 528410095
661572421 854446914
931043573 237529353
371640073 32974111
35513509 387500118
355440461 150552698
72688722 722737587
933659204 688023089
132368486 388708392
865701676 525121217
202714658 726616441
801664109 274698173
363237784 869717845
73465172 322088005
815053374 713417851
202476688 743998351
113946777 604092537
952556646 353289280
958801589 585796054
161688367 832626511
951335745 301764327
159892163 150406696
149781908 589259815
216805506 238918013
201609660 249477312
750901499 206403817
296201152 917295264
936788521 305384512
179079975 821767595
180042330 721311078
117780268 477276189
109330062 595917753
522313084 127933154
233207139 780522817
460506155 105399149
260036255 894876884
190885705 717786029
79474973 728126994
883137525 549281488
229471980 752691141
165621625 653482631
957273835 562793942
822217052 306552032
65770236 673910439
823696134 314037145
858097802 370934269
313256361 944800154
378830908 133165132
872538326 508907482
751386816 217260478
668238315 957433788
522452560 112458110
149688795 368384967
228193620 108762546
202322365 862751062
150799145 816195524
219722268 740203113
982700693 535967554
42672718 611856837
448769816 972098911
796719809 738278482
148248979 638972418
541424594 131225285
120642162 407706935
635309851 34957387
221311200 763972745
832572570 145232056
198637904 720851442
859889215 562358967
605567025 66257056
789982379 100823414
937257927 366264474
882972222 389659830
701072012 941217220
876938954 540363540
858202626 374638338
886389450 568531304
271864052 813691132
645512858 959766329
649105733 858813018
853587823 371797376
144137883 418884509
856003120 181414880
708078577 925631645
767355973 799711398
370451978 865007258
975554708 552782445
586971605 32800805
708111387 77550341
117263367 524128743
419236437 873910833
315573822 947771838
598781791 863313638
289968309 187410389
864244189 370740310
875801983 555667047
434694475 126482712
989378492 511654723
667038501 847464987
151149097 319591341
62354379 699600899
481332815 872075880
206861390 875944666
313608267 837203564
222592061 253608342
896572632 488045856
871857464 430095637
406573030 24113523
977126408 448173676
112107481 594242562
607624611 959904762
98620697 213975707
96921875 750854713
695777766 164010725
65306579 286694194
205604252 752233600
417280512 872007278
219212882 740878053
809967039 869627925
41553603 479084300
429991005 118076539
831259173 149051394
417464777 982536080
724866946 90134363
544844617 894321113
336769388 165667396
641681323 853125943
953323152 335292734
163387374 340323067
918846269 275624370
989975131 488732610
848559663 164495019
129840180 569744273
899965711 242412967
745037075 63265952
113951903 428010386
647597643 968225638
69344178 677523978
808801889 125572416
744463427 84393026
960193160 650353369
189014022 723381157
674250628 849278697
594220530 122804547
233826527 120472022
736501266 208345910
134977401 604197440
337213462 837777337
899360489 791828707
131143450 629456156
301177792 805511929
104137408 236505396
275861342 808698726
752748230 768402658
150673287 672859736
149932446 174513149
649076431 855571437
893731941 773268219
52418882 297934712
300209430 73101046
176768397 308336821
872173611 482113469
898458939 499352396
125868020 493099857
241734527 780615679
748964642 809007643
639894254 854118969
879025805 539970096
832009364 140595918
830459861 322804812
711927653 801388149
870663718 205368044
67859230 695314306
231938210 909042708
902373941 223841749
746101802 222270033
70034010 704681137
96240191 252556642
359280413 857458278
930119613 279965917
675078695 833999239
105618611 763932589
676098823 936019738
869042594 167838615
127356411 422551381
430527173 139710322
979403587 570320738
225482580 759324674
885354960 581627620
121031387 466390008
527193840 869282688
602611457 866801305
511180304 101479659
873833058 586085857
38903454 376693084
231662710 247716720
518745144 115349565
932632788 685566738
950722530 379189201
650259316 946795083
873962340 482475336
806651903 145479027
243612862 83481201
43821360 362513387
139600775 816823103
476174669 131918191
319788349 58574549
893130073 521487886
743429240 919510661
575609386 119386920
982607429 444514427
780551952 879053568
216253048 234882310
964681750 372127701
831206121 658008279
127438888 783804799
168511395 709792789
826439367 309798032
148457183 662664271
372200464 46483731
523265827 30665303
226359832 755618529
179338519 318342329
123481087 795130280
738432985 215843598
129075070 608029309
582542247 35866529
455887737 4038902
748683865 913780028
537148026 964616315
975108258 572223259
490459844 972137834
170351499 822017878
322246155 839170646
130257575 506403278
976947236 529657905
830331249 153850045
324702759 74841165
624567497 856379382
753127130 220495220
712909466 805633629
586684262 43251335
797135492 259993069
491126632 873120568
137955032 381362499
868928079 193441023
547980025 103707324
340997339 41078261
130813752 420225373
865899514 602895902
690009060 828915263
60628653 338543983
854921328 813816318
28682473 538680399
570305489 978447491
664292583 159754340
873324855 196143646
117988734 436807724
882205688 466355131
164669495 162285909
520820136 966559444
198468297 273656238
851767883 605355748
834077177 300644128
769228083 903447627
515668445 896300637
787719899 243115768
564916925 885136939
50772258 654080285
643058733 133497652
389853622 121861127
906145123 740658167
866894401 386233106
802611121 263198929
659147835 52637127
114960643 462271496
199978079 124966695
712438258 938567570
739400485 787612112
770977017 753119413
310696639 66215445
276333259 180767807
127139377 800511070
892418607 776696317
860988267 381030191
124341564 426274313
30328482 402996384
111835057 511447614
175481761 333954000
130683349 786300784
133280854 503298521
153290392 648064310
287940589 180645458
304913017 163058270
951458134 294365957
224521671 883599637
851045629 368003882
332515207 48477145
646866579 849040621
958709380 337557342
982037301 433654076
842726732 316674499
839554788 331224887
177436656 147183410
927297994 730964622
450537435 125428722
534893511 17626543
54146577 661868588
460041519 969917900
762837976 883895668
735702709 210958172
971376264 392624536
871346758 383897475
510173410 34237009
677040048 152853395
659384903 56431134
139138479 817805751
70565870 282360815
552503274 872571344
648139440 166222339
122465709 483851297
650700413 956650419
744464306 208381639
649988162 862924650
27852790 410289027
0 469097795
659485455 847712929
874824559 553319553
387110124 981431005
483547681 972524549
700623398 823913493
246640906 781163115
513400988 889895069
689559583 925455673
890474718 571387143
144918204 680158472
793153247 711730381
40199041 399144509
112665621 789501978
110230524 774846955
137458391 376858100
26260051 430147933
581481947 124638565
173750988 344474621
871450748 595808345
783136587 266846278
681727479 51491388
785955735 879787877
46918303 344849060
52155682 647664459
942175814 325110816
867651560 215499960
949353082 356801130
212272939 253434989
787953343 728377471
310084381 827792077
233512103 109737784
223004086 242723273
640172329 146842503
662422821 133250768
577166605 964168390
962743371 607338292
929265743 304415280
133949251 644936659
664564642 856583912
925127854 712523436
795359188 259376666
761177411 910028158
695860033 841586907
930014619 709596795
352731958 159890923
41136215 655250585
268842589 908877037
694181651 162539203
817502865 160272343
892469918 764623426
370617412 843504671
826248153 303591350
733910691 809302986
147751750 383318417
463169363 119314598
688381813 166196104
635269019 949462037
878488149 409608901
471467049 136096055
116332982 598469542
964633090 457278508
785916933 235714020
417049666 969521824
724820774 908704223
14310959 468591277
535096789 37095380
227134017 257885657
581370185 977748209
265677552 916433913
201409617 140971246
874036960 549966007
188452831 279831762
455291107 878233479
372977497 859945372
591856511 34160596
790377115 742345016
237407758 221753588
125957227 232742618
534156954 30233154
143671011 623648372
110834671 772035922
53053188 662547057
679696950 161332848
617068495 970391105
171815959 314668099
345576961 859188795
26929601 577038208
715028625 821986602
111787559 473599072
47614731 619847465
337928678 56008810
989081655 525706089
697668419 835091492
424373817 885573366
310226533 839427464
817741080 151520437
756211124 777468497
339989361 56469447
807826237 286214799
900476347 716870911
975779381 375554766
204522840 119269872
193120438 888993668
308244479 837777539
982996133 414523380
882981533 248492229
169788134 309168081
639171446 934666635
355264596 854612966
98789471 756969360
505820514 23728731
288511693 61714061
391196643 859671960
730922971 83641134
231163614 93196325
317535938 175406026
135436616 433967603
809664612 271003486
588441616 873633140
390467481 961975290
399322832 34879315
184053041 306702474
960875429 662332371
974522386 543581052
95855982 768791126
259546370 192955211
397027741 117406400
475460789 880280631
784664184 116263177
483388731 986704170
483640621 891441410
729734513 80564649
372253851 981489940
148347318 377584618
278604186 87205038
139080157 384484620
832774211 357723351
916961197 275789841
682533512 839177680
679970176 965436272
73825731 287322286
720978611 189108702
582948508 127217333
108624186 447505082
612095111 127261165
244082771 780433297
193821885 264175610
844808385 650815008
475212630 123228121
335733536 851088880
617023328 870475813
877119962 634197025
311506062 816139841
539358621 984210102
337835937 835325208
401759877 953687143
147640394 340498325
944564091 694187363
432879833 966825310
129735109 484710915
124623278 505149694
962740152 618313829
286828931 184825045
898204032 754308003
657051830 156249370
851097312 392814079
791618026 260078816
216150144 873452446
792796813 255934360
27063616 564854275
336664113 51625936
868045611 373383953
740048661 817839468
593567144 865679001
802708127 878479397
132008663 424162284
531715322 19817088
771212850 779131987
892090927 730458086
118678872 461467092
619289367 973771753
200938479 253407374
229178988 118384263
244933385 760119628
296627537 943038609
88746424 253078287
30135209 408136564
234479019 910059438
272255010 817064578
219419603 254078882
891453025 782748517
911268979 512794020
863631716 396669910
955848128 599785950
204814380 877821009
187031833 141885590
422445639 128585133
20488266 441819748
304420574 930379099
178196216 326023406
590503595 867564828
430959330 35448342
311264937 818778203
454826010 876365220
704865684 941050683
186403529 150408762
699043456 182195701
107631715 806778745
908023537 731458713
879431440 431695228
861211330 813265663
62502187 681985701
825919983 152424968
260191697 804097816
16090125 442575568
870840495 536924140
376061109 871189681
885548095 430766984
922726163 278929675
9047695 469089630
54057240 376927669
980286627 517247247
874507034 388110887
44300068 633295767
960219122 349290890
570949920 874108189
50364206 633200915
648412289 146886799
258342099 100952671
846800580 368147081
666533617 159630131
770064977 758568779
716129479 933381824
629695098 134405668
501504814 883099568
691013701 73106724
853512182 611290240
866027032 590045018
868238656 314626886
978348846 493834534
134739037 534822189
790431377 734492728
72281504 712955366
185678453 289808659
163075351 654031240
422068622 18633725
964617244 625576433
457644846 970008256
633989849 864970041
285146068 813353718
872055588 463049457
351278273 949082630
94218514 764726109
120666144 557770270
284800585 806049728
939294636 671515213
186605664 741817670
43751458 357396118
706452964 830694288
985447728 439128248
822487092 140531416
881046921 493766382
232036432 226827985
138270171 372799880
594786685 31721829
661628891 160760351
160398150 705418447
98717548 246819197
798383446 729447148
115344857 538966060
29605503 509725738
962164560 636592072
970824435 562438535
865660845 181802105
136439041 818380161
335950040 166536531
35948396 447078557
314813967 69951299
717967374 915211676
596228070 138376466
708727042 84769900
897774511 761911875
956048134 293056287
48181706 641826475
962629350 403405166
883797139 400394024
40109126 360323503
182185680 316414328
55867585 682803123
843039447 346516330
55332291 348938205
142225240 622236227
698061344 158596949
544939624 119362373
65576690 286076136
21224994 456952836
251796006 908537819
871339548 568464251
549980923 1000000000
286583348 909569392
498296661 20067593
199328237 305364008
757744549 889124246
887173419 498231360
886273788 456347360
36844372 638532123
954689977 655347027
407861602 35421812
423050231 979021988
101531477 237706557
183942046 297675381
878002283 531970640
632939045 839385879
842145219 838911870
105771084 223766493
851172584 410718092
231835319 764152033
25189122 493140561
843986610 828177487
806625293 263210559
230288600 245092669
498234225 124513520
566221203 145072292
78760814 283731813
418498895 982174274
840084646 715861614
839990327 821997147
250039266 105181440
130357792 530257669
748522544 900181116
846826286 657450160
418768782 38967832
369233575 130140023
303665017 939112709
290946984 158064661
187904815 258949004
330902327 931002685
864716267 423724698
586080773 120551446
58067914 655475852
131268892 233199003
429955798 15542743
109255696 451533138
37941222 659196895
212275537 141612473
976233992 456827633
979396667 451941976
569122561 38631054
868808077 588288334
962617866 405701385
544568873 965758520
924098954 717757526
205248497 126501016
200660359 736182349
620925270 130065870
864141177 642097572
28815332 517742527
705068122 942152039
118594145 453509137
665142070 48758140
723482033 101253711
974076724 433669523
131925565 575336134
842431694 683966571
862812494 214910521
916604140 721916767
561439531 867266367
295101420 64629991
276173400 205215642
560871609 24840933
138097737 184899703
127793493 809309967
638228451 48062865
435284397 972763361
482376902 39429279
968665921 580661192
39686514 390990293
972546753 588335966
524994015 968021080
893571048 229465586
326435937 146141551
130308636 601298492
739007811 201179929
196088723 133245764
328841782 942208505
284793447 175767380
52601919 326301490
763444725 228111210
176548805 155758798
251072281 921086796
979908033 501698552
188982762 682700546
145751401 624332778
342260196 48257101
147548889 169916635
244962067 760584648
772707873 102373164
144308955 658728828
510684457 871453061
850911753 686274320
887522469 480275164
973480725 557190705
300857281 187141115
684866928 841106142
344589632 168855271
35777049 587058818
753903194 207569205
778518211 234034390
756028304 205328542
820442002 138529248
831818840 681451742
937172789 319312903
687612372 58780308
628555775 972872910
378483830 968091960
159194773 171249858
68804123 262835485
860587746 639203046
197257148 716412095
841484224 822400762
127676779 416814156
315930207 816824988
131686772 202658671
611343997 867702282
911633943 770276838
857178023 325973005
484116326 877717554
198754642 719126552
189909974 837794877
120723072 422640838
874894901 617005673
121766256 531716385
144368347 181789191
281910002 59762296
686125270 939249654
529539135 881511694
476230594 120570880
977542279 501927436
405045774 868265927
189520943 849928856
790457156 763166143
129545318 619213934
715179711 915848769
236180545 211939546
790684531 867816560
481641263 10021673
368627544 55124236
17133314 613877856
166518929 174402671
508949532 879000612
271931311 72016606
533989062 97890781
871962413 568125994
306172620 171684269
606502876 130402253
147960272 369128374
560531676 105945461
490854781 17116183
752255377 913686924
420193052 861289294
294821322 179022587
938585296 258583881
699338544 919934625
933472502 313651293
372001884 859948213
647163056 150850917
826061895 702227587
801938612 776210798
493912584 99470618
409089738 43897374
752726258 789335177
411545832 46289648
580822716 874073776
244874235 915825783
641331440 857170577
273012268 174158756
763648003 893653403
936906355 263389549
735868325 915501326
270883725 195019014
815550264 123692117
40378251 602643200
318212703 945006340
190032431 855536322
667993810 864950015
731251824 86101280
489749444 113879701
634264874 949351361
783810397 232806951
93764946 256178195
248490329 62360298
178270854 146973581
670521272 928578319
27664602 435464994
30163466 422865737
36661725 413853580
339010044 139018223
323535073 175642832
535735861 34877849
822157288 679038990
102684774 778836093
324210410 162239775
34151645 587751811
751334591 222349188
203553982 864770348
230862494 224025928
806459501 885063992
761423114 878262717
159510089 343777293
707141684 180993098
27708853 410260571
449645021 977747011
379899647 859555755
60384357 691402073
669923194 163842134
871057868 604938329
138912621 178169924
448652544 979479685
349272932 149324741
848889018 165651888
646334820 832641634
677307421 846020419
807834248 874935823
618866647 960316679
870946830 418812015
135866900 375830361
18092045 596705694
548872994 33086575
650546279 159171651
416799061 966577360
771103753 238919597
505846504 879131391
30156270 584113084
882030781 579237163
458916528 876470074
26406595 481871690
46962666 313462156
799354001 745108134
780018574 760116901
869431911 804703039
507321085 983501909
887164463 488196629
628392003 142243989
273449404 211355629
674737125 944408228
132105599 214137668
234427807 210761917
155474357 386414491
114309116 500835587
76525555 275039806
222428473 754098054
175808106 282604011
649255938 850267872
704064614 69464538
90962676 272424660
136527836 394824446
434401504 125083850
548276628 139690727
271223023 182463284
464912107 876774543
840481370 153813080
775578455 882117051
452668443 14623757
237145021 781145924
871601327 534771274
73042559 331714395
821558079 684160731
863518446 333431579
978902984 441322497
128305415 370621536
885149417 522155209
368725641 953706509
275593319 781864521
812976744 725269911
608424863 872877184
533824932 987215631
380935809 21322108
674333288 157572134
325102886 154719660
828509002 699798847
478287705 879424625
120779162 219398983
231043852 784551754
125664070 215802886
619114333 855111542
18147370 440343647
137796535 645938383
587202838 970535834
772616982 112022593
861394564 178186706
770015763 893727640
111311264 777916924
35035730 646328888
670924813 47272078
169464148 151521152
138109161 801224841
261438483 919424976
585080302 890846000
764584966 782462121
516976008 25706056
705751878 166381822
623799951 861758101
183879742 691590687
467113196 116005355
557960805 870423294
358296321 156157999
31222718 387543111
701411567 173987590
309698511 172898128
376831792 34979950
108923129 543566432
251817062 240000603
802697864 135144474
424826959 133524965
195050307 725587677
418366651 127957498
710729808 183290782
582570327 983569688
588245159 971807079
858118173 182780158
836448880 830911063
262597963 216043293
695568711 941072755
945076431 333099835
620415064 877860399
339878138 952670707
834833583 840120056
93022668 263431017
376807697 960948974
608259838 870306083
669251233 58039218
103654882 259402816
192569765 866747627
888862929 471849215
641746103 968122462
949859500 634399910
532588111 974616559
204796493 732961971
816912599 254919354
964630493 617742375
919276378 708094379
973451575 560351999
31273707 378650315
961233685 535635649
973967403 634249558
893074279 515329543
27091028 462787396
837518665 854151948
860315742 391648124
264460938 194418223
803715143 858213631
922089116 296679720
162536035 158230991
607408417 29285267
282329224 818967964
115692850 236926924
120469169 572074984
208340002 260503015
840619189 672609608
727242059 73155865
720717674 176057362
315123821 830887098
892627060 767427165
419658968 875109017
948567316 349971944
41535946 602583783
24993464 518610754
146049264 363315956
388375477 121848181
14164325 581603161
378337347 876444455
875899022 800811794
141083048 822791782
131342551 184287881
240721302 892542217
364405563 152482139
239742392 213046321
842722927 177111615
103368471 730092688
12553456 566854633
333716805 58499552
321137539 52683256
357468589 824458233
256200868 791974566
673247733 824241068
619958692 49584442
768899662 233086471
115850002 483836494
305261545 185951289
847081734 711012215
822954080 822094109
844843963 186932134
137628340 411281747
658081523 848910405
918560522 258843698
201403315 130674331
473292468 963348732
103766477 531366368
245898564 241884324
935096792 317224944
572826056 971416557
235509091 229572425
836595838 684477366
53915345 326524125
64239210 672395279
450683560 891589626
710034795 829180588
53789071 670839566
83883021 260987045
416079748 871266668
10339412 447502209
237167894 887436869
692838155 932952901
558372715 971565758
285651044 928982852
129726423 611711713
846929132 668691610
851412467 651971331
253629368 84228578
40793382 345001199
833327286 287206326
810974958 856630134
200690167 272603944
766933754 243399786
934855526 726942936
854385998 204063505
526608262 881183347
863009008 437719843
199102524 274113071
141838867 170314426
346341135 843816900
369679023 136309524
138332376 427953330
889100772 452802480
281951033 171686282
857215081 814564475
153262630 326164533
383538298 873796314
863062262 805500846
394879185 853376289
360166289 142582948
213026212 785810388
351696211 31929828
842862367 832612402
129182731 489924596
263371236 75868180
165376419 669660776
682749949 177617323
892998070 757751727
397172071 969328639
401258616 865091778
730942363 815880094
245521716 203726468
633097890 149035322
65772597 321927917
17965955 450383163
36840574 543749779
212458044 247849981
805499971 735820414
484163447 978138949
972591625 377120579
864605219 353282213
523380224 885675219
168450159 320763799
727710634 793336784
115666814 789660747
812099441 716609793
366389384 130240886
886447892 224780642
699263744 177447192
952331749 396924877
142279896 604267070
742656875 198482312
282337827 68390658
885869674 236516110
88389381 249476273
865753542 609134765
166966447 721137891
385683933 963347542
485897523 872353501
483218368 18858310
968660004 627674799
106953660 209829868
860456716 614737057
473494405 20405651
107604612 231228326
400630219 50808635
884127170 790696753
403869809 141287682
961487369 635981829
416294923 876016261
61626402 656696571
648859149 126311854
731906912 185380585
775577848 108635207
967269910 594521195
59516780 642186094
425810408 968232953
562337537 28731905
156874642 658850816
221976113 249459854
173500226 816009897
968773278 501171732
278804195 938110790
92821084 735193719
824471461 335525731
182439326 717708000
870863589 228548182
395881158 48631666
196193908 861089801
948890373 683080802
689339930 69365128
528266891 872623121
245460283 219709694
862853668 818116312
614527986 972550387
113898748 511827275
604933917 864639993
354833766 33030671
503812151 973208445
150106872 339642886
845706865 639834927
806930096 867112517
447959066 21509287
174564185 300979835
591830268 889427172
211529926 890510643
107691859 407639435
165351779 679908713
252150150 780658893
830023414 848894086
983061491 522314743
324919313 74206370
710606483 817319473
502590970 125946862
27007074 528912871
133531847 582110683
846379082 341031140
604597629 40800718
444791114 890248704
334331688 826171221
227373642 109085742
494521973 38583097
878396810 525070275
275531965 934836649
977233643 385353409
643392974 141359434
129052861 797235638
141888820 350873196
144700833 375353999
690883585 71821916
892728323 255155167
143560603 648117550
328141053 166646113
32807602 530581352
132602199 443327526
138798986 823371879
234330466 902038728
318094316 163341322
938687461 292052918
968131930 518938422
544148146 36668277
750164289 210324273
365471825 133716003
801132532 737600003
515345895 875718712
126529807 189334873
991419602 533849316
413952401 9889160
870648888 641110858
560267826 964914328
680257888 929523703
963467507 440971734
292247207 201861548
38398764 384728718
196933243 134610579
875104855 415842099
444111749 869218051
175899791 294558974
477684160 877533335
134693028 390880308
264353373 205098911
725775149 910442258
921968848 728811223
290797563 69216455
725705890 210848896
921277260 745681583
365845897 149080915
727079230 96020121
667586247 58805519
939998285 670812413
129964670 568561115
421210848 871391280
989750798 462054955
872801086 520886306
464810749 113666625
568539049 956840388
941600367 676398170
119735006 410634373
295628756 150459787
600113709 17831630
118087874 520930479
106375726 467535439
259168148 801196871
820093439 290763011
119401139 199795269
805672732 298204955
216377708 115340621
122602130 581568496
756803676 764004651
703835235 86736541
603944145 119811533
184689238 691683449
700534803 173974386
105665926 716317884
84711936 747564050
225123162 226349696
31013868 538586785
279007046 62248126
494027457 14002368
161607585 838402916
525235027 23031158
406141371 963301474
660557660 40818019
969736991 417924298
414882408 964160773
419262324 975950993
874800691 431427530
670337064 829949455
130519175 385239968
969027751 649262660
884873464 464157532
468188331 993842571
155048407 830930250
888992866 609134062
25824301 484083817
988231064 536225179
689840969 823510321
853979757 628739846
293488012 926836873
974967170 596085746
234506390 220595500
761231706 785475079
972935531 446867724
863208227 426338189
475330193 32792425
550361562 989381513
402525920 872504856
194227002 704958743
110635100 459352742
122354546 800432593
216910424 771607494
962953812 668233713
84313401 732206946
199704745 124052492
129124900 563343965
962905971 539870670
772224578 743515558
837440540 177115152
79880802 698419700
947719893 414387226
408809405 117938829
52817740 332604476
40072234 629517928
386795868 970545184
79579074 732833059
921243251 305560790
684812266 67156047
264250980 79975516
969886059 532023377
891412584 773069208
747189538 95138294
585412947 967350760
476378860 126531159
432859531 126550281
855170205 455412734
41348468 629870813
385332364 146653207
163307546 839700602
170588913 665031076
902473564 223813370
263876046 799342194
860787072 812912312
844464866 665709090
338056573 850319998
898826699 501034355
156152113 658854757
724876340 104692044
147678909 181935303
109636826 229556938
31222235 531576737
435227226 975382515
253389769 785229575
839316571 845879141
886526728 429779329
900226159 774413621
117595525 483399852
604783343 42199833
844337698 364263404
445312081 20968938
499815009 876037710
124829670 533204938
651889043 951199422
747211199 902936220
766528675 120474631
858359744 351636590
58334077 361502747
159380645 342149073
125029736 450379573
217256090 104609021
472300573 864656077
187904242 701091656
828790907 684652932
262988637 90862467
791259349 127345138
857380024 412963511
671257519 61346034
25141137 411886510
984580465 419172046
507548161 107745036
243379956 95135387
936858069 669572374
530133492 105446896
810691026 732784301
462455944 121935110
124453728 554227605
587672317 117859241
400708107 967813495
643471949 54212844
740332985 909065844
314921110 945896889
13063967 525052898
972941863 601732188
413580041 854244487
234678046 885327675
519717548 35613472
262955368 933926229
320689411 964393132
268718224 194480213
498132539 110404361
137475727 332830967
586285543 22886038
379116255 38001943
56961615 363155383
480821452 894399854
765055021 232490832
352426236 51229790
504393903 855436593
422396053 144796051
935084625 705590966
934175769 722751896
343647736 935222499
811715464 301266578
944371737 357728901
14645496 549321986
802993482 881282907
184150832 856829651
514791120 884435336
713664741 83294036
872296597 212986305
70857646 290599583
121504877 565025766
546832954 134153368
685805248 844197267
18397961 579508596
147856298 170936270
926326123 726446654
115751092 575724057
698463830 828220060
234099549 103144915
188644809 313010781
378709843 944061931
669665106 953279635
174564741 123661211
948134028 325740660
133637042 660243915
829059437 309734033
772820891 234041425
629369312 48575539
465919704 873717310
993231504 412401791
493791749 987822098
966009222 631048415
981646871 511073143
980715695 575331237
518888905 874495519
984974592 455519919
656492477 830432987
57431915 656647501
489788125 973710263
380924055 848531068
854532244 809456213
417298829 875512633
368229667 166574192
963804980 399063569
191803859 132162888
103971049 733980236
869112493 356935387
412534003 118422268
872860757 615276228
622253203 42916198
809393146 743229725
776023130 894923958
169023764 720542912
441135776 990511358
882908827 540356913
741323210 773944686
248902403 796895957
910892573 274034464
360159569 843033771
285622511 818643978
843989050 306341959
552483483 870066513
534300909 119340111
713862047 169817211
869549561 371782874
458792203 865853461
422674170 123302888
620991191 119108752
549770558 126452539
463742581 22534867
773675726 761510523
691301961 167902384
25025183 504187262
298590544 816863673
597295752 883297744
176673284 684448497
121134280 771466580
807865536 727541817
758715397 82178085
536231340 114773484
822214820 721770108
771697749 755284430
570861822 26153814
650651258 971460364
759644422 97718829
764255439 779740866
662957822 61419621
814846651 680142559
845163315 692980294
87748961 225037988
523222565 971693289
560759807 968565382
431786311 24564721
713582625 951338359
987767624 473708156
115086553 478007706
440844312 979099187
652526273 945032494
7583979 520015942
341443736 953170496
132601953 525458578
132487242 204102044
72523557 265257200
719989398 807335211
22195036 436865976
380848465 868189897
460026695 30281119
974499998 557585498
771930547 893755893
272079616 913734664
866412755 409881377
896633993 806002081
902365588 274030463
375956110 32781016
185840231 280836405
153829960 628211491
279439297 83402759
577946547 134912227
97005678 260069308
741520950 205135948
319413446 837373459
896090304 546200488
875630120 459042088
620825698 947447578
538340993 112135421
867989024 419565987
34189861 473695785
818019872 862036616
776706031 223938004
418618591 23834195
403441569 43931513
811989743 732331430
382354315 133843759
516627996 133098850
22316652 550140407
775042663 789530381
213997979 740634924
568778575 987562237
273114861 75808739
136207707 613617409
162444403 696027831
447638602 119876237
555128774 17920196
254547988 920482976
814467082 689678883
185931704 289986428
534650979 111314118
544076968 891396763
803744788 135978115
857390832 629687592
822856752 157823429
600084691 136293680
793002078 276838711
768302277 230482099
878940251 437283352
885940921 768413429
511244661 969292535
825534660 707615373
123980735 208051992
696165904 822973876
565035467 883640573
458547128 37671667
828534112 356632053
521666016 977786947
34320275 565383120
792632366 885919776
240846130 776655901
25473793 580719743
905554759 730790808
438437695 119702508
792626190 896431376
762625420 787439202
447689677 877757529
158207531 641373702
29677854 577074211
601369485 35278831
785202358 741671613
159879908 178435281
804880334 294225933
962955502 605629952
313748560 837540810
962915292 625707315
972091987 454105979
387905965 845023547
74455330 312388558
468855734 140667283
445667561 130480359
495264152 101422447
493024720 124285926
371439939 866216272
45150029 606182064
905063398 738076594
925683081 306690163
190332864 138587302
604493691 15694288
788411617 239027977
403970393 975609668
800606728 152275016
601998123 969949043
789469567 275631249
627259445 60417410
279499473 928523491
452599354 33402809
119681789 776817438
548842712 973221550
867923610 339865100
743939568 98159343
928662842 304153651
642643524 41277107
281077705 816026067
37509298 348931589
269683598 810616060
913861769 243949087
33388047 367185256
930846936 695685916
633044516 60843392
597482694 121251795
562561336 968191284
115714326 518153435
238053511 107400366
859271514 173871058
169505201 324696233
660498589 154649081
458174772 873084359
186977641 287809025
161445505 594228396
124684836 204967620
214497350 883347333
145143535 401217438
936405248 334319308
692988071 58302518
148540501 361140289
951527008 371958919
321736460 830617565
594000254 859623931
200204884 250110795
906156845 251350659
427146859 37496091
716178618 799445129
581712172 115746334
57597738 655153915
317413237 65041158
129639478 431844038
810690565 292698735
525405966 28628984
866948254 800178533
226151739 758384403
68156627 714244235
434200628 25118696
358361038 55104825
324814151 167605949
840635617 877072025
744889226 95273262
401449426 127883073
14672300 540803233
850422750 659586837
876721091 178876267
347726140 149099265
176781863 174218546
750757477 89155031
719947863 186856953
497852692 126433780
290960270 195572323
785669624 105896747
73651713 729562330
222176188 885222384
147783395 334728798
783722059 768980564
210714835 268201876
374116051 951381983
863809439 572958384
41997546 555400153
570575046 894894042
952364676 397717861
153632826 660905304
904810819 254303598
637942801 953870364
693984838 68145083
597502465 880918896
588105384 871235993
976704312 491307943
30642259 478562631
123132880 633212312
417615262 131783738
380604802 874183474
226942335 894605603
267476648 944744699
49914251 319824714
314737941 933471004
533119820 902951560
529482933 18733648
789090793 235961426
641869925 36202809
196318786 298733990
866093039 621850309
346333280 32969796
958668245 657536287
836382816 654945038
458347336 974373849
141049421 391514437
846081520 323042751
542905386 880394489
611647254 39968072
888439443 222923851
604502842 872716598
747230405 85087865
858645429 605031323
382993649 962547467
638865029 144059989
899942750 226914280
387189241 39704944
216475565 112644086
361008967 965172090
730627079 798849876
257967425 796738522
6006079 449168133
873439662 465736416
221475898 773844832
49069632 353365647
61221039 318409949
951273317 399361254
325875956 830519447
712971514 185532903
305432282 925841606
857282005 165173251
195852574 861642958
845236904 807679147
350426265 949264773
612915864 871139305
868524507 402181683
499098376 982641160
844968480 343200745
785752781 751494445
945786697 689783876
332571598 857005089
937384896 710855594
889085003 468517339
440207281 885525136
939979259 657914459
455119654 111216840
962669383 543382779
547319836 136389582
463670771 140985671
861184953 806853755
514519146 115308897
855767099 404644355
611520929 120249502
193600942 257055425
175567142 340089171
868894881 227350691
846677397 640060506
266362713 783109083
40647167 379346411
330350130 158704409
712254677 813234888
813334336 696509293
594055720 24533976
390250779 957758804
950423996 669128226
473468811 979855102
206552914 251359819
996473574 490639317
529398657 99459332
138381797 182549723
779356466 119490567
877785446 445543471
566613214 115043831
464083257 863768465
464871965 105689611
659028578 63152177
597976358 128891771
229495540 771435626
337466661 835251997
35826810 533059420
883125580 499940764
808814776 868308186
871202296 811874455
303144181 940029039
122186948 554850680
922116125 743597021
143813405 831849216
233238601 908340143
562942447 124552138
873864855 522876297
824547229 691637136
826924443 148741964
117853551 506220352
660113884 178261685
39585215 472514621
174393834 289885478
703279408 162647248
159140801 642882035
166244089 699438746
111225707 510343591
850574661 645681103
24478198 461587702
119290674 589955405
677049848 158900636
105517361 489315701
350118449 961310167
380524648 146940740
226975297 255348261
363177045 154929030
572036460 109066979
205145098 858172515
832671301 698859967
867116073 648598696
80466231 316330681
950796035 327343143
543903830 900500169
513280359 986519618
825915074 728681327
114000038 462476583
611364533 124758940
579562844 860851152
635530224 51999825
138031117 652134415
541223148 892796577
222156935 752953109
446288720 132534314
175921099 852980288
163280179 667008444
857672231 625524089
700784538 189413618
262094166 202543731
301210323 70214807
373944489 137244668
356483743 142432768
591814643 126395890
730242300 806019808
318532397 68249016
832741340 851607845
769337641 234309927
797322030 747962785
825133433 292560616
473470094 118950999
838564594 315295988
416086670 863404223
715761370 174249841
943746298 713292884
723839151 88065334
721178766 914476353
55459120 384676303
30087055 461223398
257754410 796383991
626821575 142756503
250036470 208542537
930073082 691849098
880772611 610760216
227409174 91357052
400971574 136089869
862377294 589046934
327463368 927102862
887054065 542885354
54301890 675399541
107972372 199849475
884718256 562209735
183010285 728974100
730686804 790392445
125702330 214712260
66300619 737133603
906714001 257666564
759459093 225410218
459232331 869889433
728208759 797547837
860773161 666101905
297633480 803757887
970013131 496110178
244460624 788150504
873843889 215448272
795818614 132473670
84524217 739561514
603457450 969404331
888232729 438200444
846935668 586085017
198224890 704201542
405373574 45786642
824984542 279704961
874843586 224567876
178405634 151798681
914618356 263094495
969833967 389301899
819198384 323562551
139889229 568950538
890880314 777057389
784125096 767236445
684614678 818862450
245732052 220802505
848902201 635238827
967534880 489374780
20925798 446199285
174191388 846028117
411872690 119182691
617505054 963889446
162683866 383665701
817938054 288024291
629959597 155104820
722299762 196217610
710010439 934446108
551878136 23933484
286265148 826092937
788895632 127868671
788325495 132377338
629360012 847091866
879168888 469270667
885493417 790878326
547601591 884088846
148873802 613917462
410297673 865264233
604181103 132281990
399284558 49395631
26827366 552202532
854389863 336600416
757189087 896458640
468340408 881854168
805510563 286071015
836657200 161256425
723595643 816965494
971521368 472041909
507166339 31220465
929567249 290254988
203255811 269634540
897521100 779705963
192333810 850353451
490787979 110507393
153290773 554484310
113993127 459502524
622887623 152266173
123112911 771530316
125092696 512461066
971611488 387934041
467163342 968989967
965388976 356221570
208253896 755878070
451260737 34493662
4454658 517260378
68519030 296904771
613634971 875613780
40594015 441769122
941978454 639066425
310853517 796700893
243566090 907500622
736089777 200852436
316264781 174137009
717885625 193727406
176783103 830221016
31065444 427255472
876690890 446322037
154504327 360329587
484418273 972214347
553697218 18260620
172598228 838110160
959043248 632038547
28252183 502485674
493967319 13884998
115519059 490318162
792061993 253984176
53487597 672682389
35996416 352110778
513552500 29596996
698281931 815209716
978729810 517001754
570202418 141520709
826256629 291162914
903686070 502839121
763299570 871356971
942744476 376484053
886875378 237135436
86510281 754877878
553940221 881636597
969710590 445677144
284481842 810747232
248996262 218991407
71642195 721168000
705302079 850546351
671277941 968659298
156907342 809237684
122459599 759441652
274185082 802437706
369289897 849098164
752419084 76863105
554528651 36251006
294573731 76898396
137773633 631119158
120868868 437218921
846016812 338664815
770601347 243015081
321990518 931158185
884802252 524330420
111324072 566396973
124072002 407399914
749634483 801101726
150867493 652827598
75105126 710131759
41396730 574309881
369903512 135329055
220167719 874581099
533641022 961369410
316473258 954779469
569347810 125810638
807701261 724387472
856991939 826421120
256836650 98409230
734325298 795269669
793400589 105175809
469858509 877740928
93859538 754675740
373717142 37899435
884909159 433687958
