2000 2 897400644 4
482125788 347006334
430673612 529418769
379499760 687610725
486674846 664461484
699551783 467537849
356311697 456124231
758980636 381560389
404994736 437187520
567241324 266307011
774213502 644276039
452646377 596395099
337569532 567780758
408795252 832962803
330065367 448775501
454888158 585072233
432932356 334468474
759371778 469645158
471941636 628992591
480998689 715645539
431471417 387067177
415407045 485134574
803443831 334927018
306851643 659928212
627080509 390421091
663527795 774264104
409473683 292054759
519575554 482095133
417191376 418182207
364650353 536385567
401651909 700197259
452703000 395252679
655335800 577817531
556539684 475733710
392167340 586386470
706972704 648482655
385140799 756915510
498400048 816441466
612936579 357370873
670308757 439809713
435316265 528117405
618637303 364784229
384802098 595310230
981517074 232329990
569780711 484703274
557836215 418467460
459033226 452716783
592095436 283289912
638938442 419789367
759761000 468418975
592569472 668698749
388802674 554167688
451869601 264428796
368655906 600259863
319500839 344681042
681488872 580577870
413054831 516825441
620501117 504956411
192404134 645870421
597166408 450093174
622771009 490001896
608773637 313345312
433152857 418827898
315987383 666507601
423721303 218045560
477169564 471747378
572378197 575017581
571522019 455325173
491266412 443881885
359894443 525979217
388880707 414880320
437708279 448835912
660563835 354696289
357191196 511886636
344879754 440247058
583621000 396283907
388871473 842930460
380807485 618632397
318665365 629538788
336514538 247068901
485198836 544271919
428705210 452664881
446198081 488121242
654159456 502445404
470959226 536110050
531735047 593416217
636514512 552814691
535598221 601181343
439337087 234041528
496828889 403194996
565534556 502282379
634087773 371187000
517385246 427996369
438838874 360587703
716006548 304511275
299318690 340279528
529595422 533728674
379978216 388776121
833162221 406465575
328737835 394791056
620680933 723360167
659272446 364238643
532208824 449223841
392555449 443778961
477499957 572904140
576869334 494861924
569815706 322861052
532079402 609820962
443873938 509652379
514472397 423097356
501744902 593659933
522223953 602176686
385334758 311177039
368951325 618846567
552840273 456177547
536445026 448699925
325676433 413675401
437853530 640325641
439623662 678318710
306590528 511267030
378009762 444064636
611583699 604834319
381174608 292374824
609525026 573120353
375192377 267387143
411589778 546859500
437783204 391961247
295971847 763569247
365964926 655679768
424137008 596958182
523433611 595733052
661156607 649409607
772632057 504351156
513500909 477937717
398681906 656097080
798517348 461188574
280639215 608461093
599663081 657332034
402283727 656323720
774289878 321138548
299819458 526330234
472305735 562736114
401318858 333678910
439380689 420611366
665791839 287717754
279815111 446407327
252985670 264610366
755191891 361273699
405460946 762060982
591239062 441210842
688752721 127267173
432574343 713091156
712180888 700557731
505879650 396703182
486279382 396021084
296801607 709661863
458927346 429410505
616955632 493158984
424671194 591653578
265590732 251132896
578523229 235819850
542139977 510437826
742599211 609231320
532987175 701885628
663065180 662294899
408656150 447538758
378358307 670384090
443631157 469209193
776656805 635439933
540409344 343496433
642981233 553312503
634062259 442531078
579986042 306174839
632798688 430130202
543350465 564928596
672740155 521558124
452334497 310660981
634230092 440452213
388421323 373201589
541294881 418514694
544261092 301364143
858618009 350718733
641027494 452384690
489574961 619661653
264480700 664064015
642084541 604037901
464128597 547662446
546869784 604528651
606783257 446580104
449112295 573814135
441964041 447453393
520199978 346178674
489597590 683050720
587355375 306520979
590051025 156696721
768860578 624105874
492376961 702974964
753913601 538135005
439641386 489772421
310363787 582238919
379933101 508692358
437318040 492969122
538336388 663796256
593218147 660808672
445376068 827728123
485559425 476335569
480675676 595779253
523539954 591689582
627212565 464565359
419750025 0
535247720 315134989
608760745 489414846
453207591 734683777
742278113 518791835
522839337 262603657
782751823 443987426
413843084 375426250
519331030 483724762
479722295 433387699
628568524 645221884
459858775 573371642
555581678 419401756
388012963 543014855
487555232 573822736
405952037 522183757
558997471 424995047
370597855 585215023
476867146 737448024
626097431 429695640
448211796 608782963
423845176 561631314
695850770 602352379
580516182 317711535
523439019 606849001
189771598 496663014
386684930 553603823
608768868 656173452
582986416 540734027
455355221 516496168
337226347 592447878
709906898 636184247
350155783 648653739
491993958 331168660
423018149 359096426
400118274 678394310
410494888 325049876
314386471 651220293
673196093 386266632
457082947 605893044
875010959 441159348
497890544 408667725
452470902 419306925
638504448 448258665
665859773 504636518
179511971 465894307
279531765 432589297
405380280 421017086
584864457 491711328
431191881 372972008
563354619 417391225
381641734 523493879
441548629 383063227
505125590 439736536
350531287 650303541
506328844 703377613
522084971 231846228
382693255 579491450
270952093 456688593
417429573 219271240
292433657 615425446
448299767 574012414
414411514 646147237
584106231 638847691
553764560 496519566
197614406 644531588
438492159 410771494
404993750 899736488
577453441 480837318
183324908 590724966
315443472 307228318
432248673 521629521
650874912 763349661
481576291 691485324
500018002 558390512
520176674 305082744
313773637 529486761
569218840 589091176
529782844 524801771
681279243 636206375
472770587 483937852
349132217 620877378
512896846 641488991
548260505 482206579
536449844 553553115
230734232 610102670
447979892 457476084
571324514 383289439
378533159 526574113
273060648 530012703
693388088 654936871
539799675 551689257
380806776 489564757
627348376 309964403
439850270 394133597
654084828 419991815
549815129 684030766
444045103 588669288
728189197 381238251
419137873 431177239
524628563 610794512
544845594 516351021
398426925 728108554
479202705 593003119
276064435 441529790
477337807 548068114
276718809 313386994
506714526 693369012
485910412 415315959
655237236 394284793
640007368 562122944
496833090 565228874
444350913 431492944
620454572 337365153
485861507 461551854
551318854 416186677
590313218 488465292
370884838 385618710
338468338 206238081
578203430 422692496
434208416 553653450
500402397 542215955
700853439 729372431
225539455 584517495
375198294 422725629
611016027 685966027
692731018 461415393
226786787 322128085
564772095 564907772
544262138 593052413
466009269 515734162
355462471 419413679
189665272 620391622
740524678 586043607
637901805 496274345
612852665 555407341
471949645 545289142
592229147 729676718
420641812 526549460
475200759 452418647
386950809 424295494
651209174 400652258
616326803 452867313
606418105 650457808
535061263 491527601
761308226 540747623
461832374 360042439
612859838 667271585
566652104 301508807
346095890 576085011
400361618 536537406
470281193 414139429
694067416 195006108
562177929 688866387
467225018 629367713
352703406 537535148
384199260 819413010
297355447 411875604
447441225 421145203
467841421 847169824
279680352 667152660
770136386 311864571
432695785 554716213
405474308 797738424
460583738 283063637
409094802 360932588
437227674 335056927
423113576 621208804
577510762 517640722
326093095 520282684
410634523 510005078
306618542 405078220
555032679 342147499
651704644 623050298
548390208 668938026
704143002 315415210
757849216 521370094
394679513 638266390
277421509 628753421
677479558 564691419
525192682 304331671
503605114 436419883
523017864 238513687
553647195 480810341
531828541 720469403
577458394 445349699
465251992 396519171
674398585 605657986
501556274 661217316
428356726 397127449
469731331 355834547
636693980 368752913
361164447 522811785
612144471 538649010
768155543 329335735
672894008 530828011
371677488 513824930
536188193 601422116
634229685 519005162
436798083 585975667
619882863 513681484
529342271 331152142
454757587 244890927
508704017 683348941
396883282 698466858
483069481 423888513
412543642 496135392
563445971 590025634
502407994 854334779
425316469 413500782
498236141 213824145
493867239 623328905
525689533 293181966
588441066 494000228
228280301 486255430
484914822 503781233
474267416 726979320
446614419 526708933
330480933 524495611
304430120 311496934
523444421 730086416
347874523 505274005
509476389 458992913
446516960 405179372
545881691 594599154
510277821 492761051
720730643 554256378
621819535 245366192
485811742 626803753
247432347 681041051
549843434 302571478
678374238 445577083
513116555 391264200
603327840 583354522
481032581 786568575
665005083 481921279
629060368 367712692
418560251 546167759
557380946 644078239
947218491 547577646
566752493 726221886
672834826 560252696
617052820 684322872
620116698 734616636
602576413 576580696
761658308 285490833
324260003 611853773
534359721 697659533
550119362 362585758
895820426 379921329
492151560 598267091
452154077 601059746
612260362 581838103
344934774 570563276
284460520 585006797
259148641 582271364
548161050 615010695
919401895 683259983
525623957 566936022
594516776 703100409
495645336 512355614
545426716 436079277
591710004 499476631
696667568 669530644
199133358 317219710
487007444 510104715
532296812 398241218
660729305 433902136
298796502 396547443
297437054 513579603
643079327 645343658
278974125 505808971
421672302 707598493
553196253 364026434
240225607 677937021
571279000 531805205
393142851 383022937
297961664 508808537
508291616 564481117
407707338 506509567
743522139 369908364
454366583 475983560
630607623 570676646
469516727 691750197
457920939 520184968
333344736 515530850
598809984 625132688
731757448 814470543
350579902 627080933
428021484 778643215
715490434 625282143
712004368 666115081
370232081 540768137
669480938 694934655
420740631 249857914
486494133 441739635
706287541 402177353
143184223 649649760
517681246 396629113
675688898 423067128
403662810 405194191
652632927 449027120
643464971 236047165
688719645 544679839
488732918 286630758
474019642 649637841
487779342 560532429
275669909 450753171
658730999 458566756
420954992 413834104
183027669 515094039
460493925 318019031
558949961 486553226
489664180 678804153
450860489 574026038
427689602 659423786
646314897 492344242
320107157 260848137
709716953 699632678
299964031 562271626
498565513 419211941
533929674 680023210
624330986 321579269
722842679 394487891
152459713 772215098
312897836 520960444
523198626 158639146
673706423 622820286
489754671 218804397
434386348 557370365
779007431 292403312
738269131 369895831
372028799 340220513
462379636 671266127
408776365 448003678
585837496 564790963
540662360 610293834
490455701 522150307
538499493 519591631
466366042 363641567
449148389 281133703
694279720 562405688
511771581 655222217
418849171 314206150
337289326 619611544
228722278 459212989
482260883 506484580
498872893 678826437
270130491 453623115
453094596 540417046
581181191 428969079
568109929 277760768
660449499 398002449
496998423 512032572
540661863 683776818
446859842 367423033
601605727 349836760
444123502 497946677
443825289 810769067
453147840 457392117
526757979 635981044
550909155 465259312
615372746 358537125
566870204 634173217
319162930 460795341
409246500 502670346
409822882 502632369
548370384 404438401
292710442 521104725
401122843 592580724
454555570 658253118
630242819 375110747
501186818 308061470
470025002 401721010
574066237 431231648
383322268 613944569
518748472 382836927
523550411 590390533
179137495 678750880
585465874 631474769
484137751 673413747
544328221 588632744
426687256 381249617
642646652 333426987
700565245 673471985
659310934 518666886
596464580 298674286
523744853 764762687
524819255 459664292
294310092 546263185
408013912 516815657
384830278 765728743
345819324 598040740
733889244 496655326
491518814 708202679
527445702 345249423
540502223 402372612
568424837 549764901
536329540 441784458
413188198 732787498
304406870 423010453
677152567 417484306
328742560 670933796
465979888 520559999
746063244 238537132
579245978 604846091
611146364 445919757
618530214 533944972
360133749 620808479
556938474 647507036
357704717 570367923
459514225 477105979
423307220 397648184
505592933 183520409
278046640 268104687
631638331 209128567
555499343 401687649
570211052 685418298
340136286 441321038
430175158 808124308
417836217 594392063
533727985 505931844
257452353 478868896
216233425 698668148
494911164 542317699
346936524 733909314
534237775 390015841
275237177 728303097
312742290 444535329
302964404 468974716
461092808 609384105
303416371 215583313
431278597 515434847
172715814 513143421
534201834 294872096
412124914 372960780
506106044 299907806
517139671 581519963
344593925 609733565
522400137 370394679
442549899 542518696
518037268 514859100
537970957 669163864
380121450 433458693
512188050 677324119
486783442 444671250
507187401 441802956
576333388 672538358
480517677 418754640
475138003 258464154
255383214 221472979
592466260 721289937
744518083 375310847
679676845 323786154
448557558 399915901
483386492 497410077
740906446 523573289
219601729 482836939
612685495 234203831
452084335 777090394
507440894 474123582
725117052 474478289
403607620 539150573
229820730 472461345
593932948 312139341
454330727 306849004
625451762 317687055
446864612 349096441
498717522 576201637
639307409 377334445
279888406 364114812
402060489 469481168
515103321 444588858
428411562 353944533
574991762 302582805
652288364 423856420
681324592 546934314
817391397 271296369
353909828 449077427
381647929 574661398
564284143 585729212
495333977 495923499
562920554 229671075
601895689 409119534
654234901 466080971
542584037 520103211
611156824 581786787
707703122 140313891
284936663 439876614
437533856 398102602
479302336 525838509
534421203 129658090
640759061 487945880
629382629 348580420
543636094 438133777
470424298 497425341
290286079 348840300
308626792 620586946
577700599 528455115
539141142 580105258
488626162 509807174
333128835 572185948
501989616 491772854
487626313 285532775
603367068 330336916
513865259 350879277
503296443 324619758
566782982 520897427
523355593 544041295
460558229 404057553
566674626 322516097
434315923 273458149
681068618 419564221
535209595 453598853
536518280 488393849
639810098 623562250
535471776 544485304
621450440 551177688
355842806 586771554
341231907 320933995
288491763 478299412
326429830 455348924
566725799 441897937
539692480 529517702
527087171 336042727
282971376 454031388
424694361 858408117
495077327 441036275
638391731 419223462
615885198 454354895
563285134 414223390
631373960 547585641
583014522 579927332
669897976 700664556
424946279 781973782
369672203 341097409
612347661 266751139
325277700 316793683
760456839 428833718
635029052 672114657
490464629 406049700
403253400 570501603
279063537 448758638
451581866 501549568
547035033 469349167
282304623 608710838
653537264 548966764
548466234 493460137
458417106 750224441
668614549 214126716
520016493 662906314
324493785 459338838
295417975 323963496
514887997 479198479
665279627 603295256
503077191 658898743
158882372 496437031
546972249 321990450
668563856 607738243
434884403 364623541
525193154 419753572
367810689 543884161
509438661 422478314
520830865 606509092
751180861 548430610
415463407 650417239
575644038 719705643
407155961 659512946
503209263 600873200
474233393 464890131
595090850 317983549
489916546 437986390
325186259 624650559
414729183 384762363
706550206 358140502
598732177 516373088
732239660 591352727
485079544 375084642
318375536 848176563
439437756 466800416
124890848 596100848
384203034 430996316
632358360 439360366
417059858 420082796
652482279 515136858
534582256 403077556
553410866 749471213
420539513 501158669
544256296 578259976
636529599 565408670
353730704 560194080
666290539 625784257
318156562 408134212
491805801 706423044
465870310 373960875
364396568 537472456
717048527 490253290
335641081 709241545
435475923 528610200
692458386 401393152
530562813 641481224
547611939 556375103
555908637 851854718
798325023 611197640
731035063 466778335
411652928 371812135
354893926 402984813
557338130 634173328
184598943 670309139
609279661 603450036
587748268 515490122
706810040 590667822
238788894 463594313
283355521 454617221
520534743 163135085
627574816 464547900
646925945 446358051
739529676 607211959
566637246 502778260
655602891 624675134
531529339 614022530
383663819 379306185
383294396 556713892
446891919 535056165
516527837 385322987
577281291 521290807
639152628 668800291
548957636 664024660
657107802 384218666
251781785 486429534
628921514 411846785
446592026 272817095
748252665 770836140
416433423 433707726
270818779 346343734
329166390 320897648
730366424 338764011
406660191 462820283
343683582 454006081
300041421 463328481
546931755 680002650
610928526 110223930
554388258 178955179
637433744 143461164
577291376 380486955
570876550 518159955
581849473 510945918
679297395 718113366
502359366 348441976
754586400 489296997
661169434 414033441
394863806 587050093
478729656 390827581
484526357 409973174
518803012 305396860
527197200 367652077
413741140 394841833
148554449 461138775
594534814 518438085
780752094 519775884
545237415 599053801
573343284 464056457
373132849 350255180
560351767 278438644
650378803 586853928
342472695 559105023
560239938 249497499
709283954 609549241
518885289 332910245
477368680 547487193
425607891 524731468
387255155 584801125
340449105 313282378
614228365 391987523
605801130 326681248
388870077 618875626
582329172 293254075
488348636 199318290
395599351 472765835
351825011 389446294
661918430 481583835
357245183 644340428
490113716 572778578
628011364 377236058
622937799 401704425
495485894 554454389
826141208 780317478
413435187 501781568
354380591 378988180
865126603 433853198
441291625 652982610
571453104 679529338
384066458 727691343
763714300 80916813
681286136 510451578
398807107 634542646
349133059 544898320
559971938 696409916
549730360 227988643
530932828 470544812
557987511 561381787
633964497 426579305
471403112 640659709
330863184 428279322
822490845 636568540
306274949 632520163
596244933 458747991
540391578 581219319
583050600 424060209
396495859 468930799
725408433 640682639
451532000 498902563
401650032 647490468
245772105 443967572
356444394 660821368
676954560 627154881
556538988 662527034
544484621 886039641
561281317 498805057
539442223 459791195
525347198 455780743
764659033 538317840
433047832 587707205
732297828 405154230
611569895 614955061
501437329 440019987
409473211 172247246
282952863 611925900
273918825 329728040
370376177 792314235
604289021 575370383
360813418 481358797
661288582 479893000
599510119 363491390
491536577 356443107
624062251 262631863
333015727 667451342
607094447 360944396
446885891 529276273
446607064 314818228
540133904 489987424
48884136 495890117
679105324 610551789
662743189 380401121
386089354 501310718
609348991 425242261
816853456 636452672
545969301 429492102
669018263 622938459
331843245 305355892
646500106 408045252
283167994 698758222
718263894 614415750
497528622 616856377
437315373 510167424
599261162 392895673
408316234 508075104
461953361 325540957
578144585 364493265
719995336 553124881
438662955 503646650
517845828 523566082
525134103 382976079
537506173 527130282
631659621 435635560
534453874 668710496
395088696 583839697
430354177 563202189
602649737 609992558
431826006 473789192
302155842 560449115
386491163 626347155
404738257 323116531
600124629 446602443
533381143 456260001
370701450 350160329
484599531 401621610
791713680 568981861
446841302 370741325
449525473 329653836
335458690 579221654
313709659 231221012
695780730 707014603
247696148 474925677
394236366 608681869
564705030 263897793
484005392 600963238
568707023 690179706
521479820 564861948
510207415 633764022
519717206 174785097
323111957 648618489
627101591 499830014
730696137 568468511
478374385 473583381
645742443 297056131
525672085 549989872
252934716 306681426
414361252 414061567
601630709 425643697
590772408 702320255
424504778 462681212
530280898 355529628
292345399 428278909
667195024 460323133
618348956 648532084
402999509 266064315
424967893 356930559
719475490 558530313
651202329 592565123
113915879 190885687
597001930 416478552
337020603 806410968
577497699 266573897
680614776 233562119
456645914 243597587
416272837 388566157
600654136 508769955
539647151 394480622
448683286 465454706
455481116 449937887
226104470 461959713
499519475 437789041
494003247 514147284
274146671 544873806
670146826 444861747
430181378 335351621
638562286 355699885
477026250 348780673
363280151 612428787
278104498 748327141
587693672 209614490
457293153 554826153
444445144 647979839
536360582 657461421
369099005 656892473
648063154 671719803
800588378 635241396
283213164 381483707
886053057 436584751
743425177 126030547
759532357 535232936
380905180 520063212
427941189 438872753
326485075 580968352
575800204 553032094
412452960 593492759
408480949 614723189
372389847 313457702
539982664 308802634
536961152 403085489
386988940 374907562
399928384 381414917
451478719 566888241
544284115 527962219
749290735 472258432
353587548 397095396
519016215 435013999
396137777 373064075
628279341 438835549
643101078 596055598
489303778 550516211
668703630 365411673
629074632 398184947
591108130 342642262
236467233 551992399
554363459 430060050
733466967 455586537
776851785 320698342
468252667 625543058
447018976 526897479
616399859 434479725
496541343 427791717
411638711 676748292
593509321 726333625
433283304 434203382
494408785 734067967
719294848 394600463
458494563 578266291
358976602 545866559
522386837 425547991
610286577 288327824
260056321 551539573
585798414 375015819
528331349 705414772
321818124 470686825
661138826 685522155
626991295 446042694
672738692 596919450
597390690 399992003
568091621 684527203
364258315 631809626
601468343 271931043
552622154 354041267
445778242 546613062
724686182 439889971
472165037 508464707
492451371 385057841
602126206 419139345
318055048 558012558
490443630 488568572
584054804 323295041
483050785 445928739
323528757 515362811
393354783 520923408
238132201 603697418
195378873 544975092
205571220 362514580
411708520 482958181
406232791 615137989
368245618 380864776
346192031 572976619
397793380 687108735
584676267 582859910
593852236 469050590
368367171 539289817
493252022 486276260
698062072 488480882
624314835 265156750
216011383 688240789
764514501 215350314
605984131 513109650
135300675 571713401
563041532 342485880
604420032 332938951
484780899 521783970
489334015 328594320
564943055 496438392
383347749 391316258
477238286 478941510
431015623 498921696
633728773 634748832
611122421 383151907
464793166 469241402
351160145 395051832
513883677 564028013
902689652 614093198
499876884 724401768
688227132 616390434
470153164 540719696
307369358 348786463
369225216 389372150
553966233 189522622
571906993 390676671
412993475 606256223
584910534 462597940
606784418 603775727
558260401 621909776
656503854 333358422
625459606 555752545
330403237 326567318
305477214 293492513
496268422 445189296
377504495 689642283
529688782 577481405
384796371 488759415
292002472 656085631
840111096 521677612
520439376 817677270
655779018 377867003
594467733 559962464
502826172 540313108
455893635 555207412
548624666 494817467
367272873 530629121
834662212 703812532
629854883 407750545
752899951 513787543
459069091 592496287
495340249 509332807
245755432 454022675
475119208 468452593
480644226 78923963
542077978 560981515
138998776 604663858
579181613 282051300
366697088 493676681
328833591 631777048
406149351 540259307
487292402 653075185
613160784 552520301
360383525 209042953
595764635 764406252
550306861 665878936
519223881 587998085
185370442 631434106
520825849 483681204
451191715 381612650
461929178 286996082
575075357 654090449
560351022 608217133
452674086 344302727
558893240 549238736
535887451 596346201
247884391 533509337
475622088 479122323
537280321 652040876
709232725 443013043
364549812 389593455
422866371 389293981
455551112 289652601
449874945 478201480
629662091 518637760
450418849 757463621
665513207 646050927
649989062 408697922
565743686 731513248
523784886 565062468
536604117 479907058
627148328 642703245
495242577 583235850
342152036 343886600
562175378 296469157
527294954 545864644
698320764 408020580
307304490 415526606
369034788 438550310
692812930 559366971
765497109 639986033
480009904 512963750
402465562 383635208
533104228 391166087
438725286 438499844
530052554 287989850
355339159 557224387
576495419 355816824
559327218 789558822
675098487 577911021
604714636 315367728
627850124 398703863
538953798 291565837
759700791 531486599
608463010 583530294
433716249 527927258
281278509 470998804
713730886 849497308
596060967 585485510
438716622 281894143
400969798 601803552
434112726 376140489
684047109 342867440
572141169 562716315
595859010 588053748
480250926 658936423
370153089 300100793
470290312 469254697
536940760 587319286
473529127 535148345
678937319 593225302
566892790 995666767
422898154 701490597
452286432 608031938
553563216 369910926
391096274 421269897
546568992 324911639
461841339 425050788
560107514 595244167
463414870 606513180
401275245 348015318
717083778 673523200
258869289 686724501
310149740 337429996
573475273 293418017
435910006 565805972
377783218 524121297
510262273 320396006
286549686 675787057
525761940 632675036
481165237 353771761
501517338 363930264
384780289 490860003
532854098 316132322
579094716 630001489
527163655 297086705
344547789 685394011
413060427 510396832
647856714 677031337
628143226 521632301
426744534 641409028
455560528 718815335
690539162 411857751
176356525 508363840
397771357 569956411
726028153 421978120
534299652 327164906
303302081 247412211
454725518 711454505
689101457 606351635
531951837 300983764
431999509 624997372
666607844 534495550
509413999 382712493
649113169 685679537
628788753 530126648
539503939 196913794
287438164 297297440
375362280 441716561
296723603 816132495
477999116 665852914
574898588 312454485
411281040 454405439
430948294 690912456
486436371 218974591
433554813 643010575
265331461 822750103
583534203 725001228
513027638 622569269
627084951 551337584
721217042 564121697
399115724 575115574
316018875 580302995
678391938 644816397
190015075 711211790
679383025 826827607
545489029 744893720
514723205 388609652
420248095 434264384
560355276 682759190
390328309 473722260
407099996 303189615
439729036 521161733
308303729 363269578
504220712 471117676
243029032 616935637
598232979 722362289
654703170 621329012
483969983 444157208
542272736 445055068
444563664 35233103
616203282 657041379
567033896 270939165
353961349 577212933
375947371 473602812
294514600 430239624
503025713 531730457
504028960 503787855
686195593 712159135
525099448 613921891
478041089 455727666
303837553 512524085
305697391 533231474
321054520 437699793
336784478 368698148
568142849 654051460
533172316 333572955
680077249 466106034
545179792 593845996
665340195 568084453
477761184 454576271
316234778 488767949
460827845 692854945
693359325 523256343
586277739 665542771
617646484 730023508
683489161 773639924
670046379 668944125
765546286 423935280
561082538 340741504
655973218 503968957
520234903 489213098
568208429 560545294
616325257 436423696
577819802 529785889
373488197 510560989
339614022 579040443
551955292 426608872
623274178 248333096
442675282 520029340
187789086 446309112
488790738 329270265
436711419 495191676
331592759 351517150
488716979 540115467
748732586 842261975
711686090 430848531
422982285 368972355
602030316 484219244
485036694 503675329
675892561 321601243
623168651 326154804
300409165 299358801
608359752 438398864
626100389 369865156
490085412 545733513
559763314 431548131
141315776 250509117
314312316 443266220
435131173 185505061
632277929 609079912
657382169 495549877
332201881 402462399
483254618 730348468
529146168 277041127
707358514 380455713
470492058 432160446
348817107 574656132
185665968 429132848
523342724 661825179
533610795 489659747
553720147 311693375
534935107 830924004
662793366 581628917
608125497 656915008
467326167 338821082
447164557 673261419
478515883 499745659
520998094 459462308
299419654 498437838
378544131 627646070
418657173 544315991
450817236 373168426
595599787 588621116
862179358 578007812
464479234 670855399
359402458 342339578
309772525 612126609
453615682 654373547
511370120 655403846
407585679 510579208
532079044 570982326
527244406 753308812
401756282 740962710
662078599 515232980
339994455 280375085
546246730 348183421
506568544 516706680
373876385 396956320
439416079 472959781
549810153 341983988
696352240 524030151
544123310 578974578
769116600 683832839
597073392 541489002
650018956 354005034
448224390 404552372
783172778 488379634
529841743 618479128
616889536 463260674
492968498 492843619
699715247 746607253
674628720 675671576
565571363 886805149
466892611 401325474
471105747 487908293
383101608 160245742
609176498 517637214
727188800 188170845
477303895 514740072
418628127 796145996
507097170 328802726
603154422 568356412
554025392 510297686
314225461 548007448
488040052 518283932
362048649 507188208
481782116 446911998
666222352 614301954
555404352 516862355
398994024 659878449
427982502 480492157
485863595 544258326
652027895 476589362
408338909 677217521
646268436 279869269
274352359 481923994
633219673 586253737
635549900 593458377
661985401 648976077
630926253 692678537
499524944 782036337
516238416 671637713
693390599 567272010
535120016 300617925
526565651 326248448
703638084 483198701
466984321 244898890
290423799 568276399
543446395 730119305
495955179 517750405
598590946 367693090
416355502 401634152
471164781 357954972
528045357 314425298
459027914 451779313
549999739 444719884
455973750 545696865
521546737 554149342
738422872 299357446
270784400 581998398
238770340 332423528
711962724 548415800
437809425 452662114
435332865 516367254
704323410 513378952
307423620 528481086
533295141 604202059
522320338 645580848
404165336 572246739
748018143 329857840
583028703 548674600
338853110 275678364
551036283 447540437
387421838 591545993
691033875 727919495
317871180 708509320
776048805 429951367
454039193 655376411
463085994 189843258
667719069 460061843
743297076 605368290
618667069 437993557
614168476 469121644
261932269 481744399
643370282 455809789
772449026 435200500
522647664 465788319
551853026 582821253
444627989 407799628
358426478 530618233
541754108 154678504
515508656 433879453
523100087 634217963
802356023 488860596
346926026 694640465
711702354 658118177
235563615 490799781
352611207 402693741
349168522 673843851
447614074 176980803
197502222 499496589
597357186 529482565
381482550 1000000000
570318937 383630519
328409358 351322638
528575834 339861820
450969577 665471826
340826233 480613219
639718046 645422816
395397598 634304277
614946721 506262544
436925162 401021172
712981813 643877297
521278928 513103028
627282273 611095919
411168160 464462864
605279979 235231476
588065180 670802355
324921833 621685508
324020717 387215496
353301038 511100198
495240963 552111801
424212377 384030336
510866070 487315573
579921404 552603895
489585012 605208994
249213034 576950085
604104945 436281161
441335322 613645602
406674074 523727084
332694781 609052365
557533389 503837439
283061037 458158581
459174754 240590711
738116690 784933330
607534152 574018670
757726271 605979781
523740074 424443567
689588257 659889133
599055337 573737533
164247405 535937804
574000512 541097387
275830378 534250978
514393031 345601908
642225769 812607455
529379805 710395563
380347466 367270047
594665952 396035935
603984179 569804682
332682460 382575079
288819039 330375607
387107011 543340461
482105767 656149418
413499389 337254170
647780779 555268095
527304794 713510839
497376650 243900815
532622783 634830489
610416210 497234864
454351900 608334516
470926082 553492253
249428873 341676295
564397451 559002278
542377352 432159431
319906665 506159476
182588402 628974133
641053235 257011601
482540904 318595347
468094291 549848345
514425834 526934332
554149639 621573497
601124940 577840165
761386991 487512934
286966422 250846307
557383833 557745645
584307469 457851684
427587692 237687300
836519783 560895218
598363158 464472321
742875612 212257972
510818552 576202158
351281309 442254930
537351969 546330313
477815488 575436661
625448437 305584534
588731426 497570832
453742646 497080010
433923803 552166563
321479498 448769836
568039513 331418257
496938653 821326147
572858818 403246751
622410479 556375965
400101009 365228628
855284394 413774620
646730022 805531476
605688620 464463000
659792523 247098567
559105128 427506149
574668580 598751372
583412924 380786079
596494373 436030472
448609084 551732762
505835885 391210327
459855140 601560408
562545327 541595040
422456197 421162620
588001612 558010496
764927541 548297354
657786513 277201151
555350699 659257704
386970087 468777996
568875104 453300464
638254474 213096330
498451017 440652945
195895879 532472100
503655133 467388518
474316929 560400030
556480775 484385184
295494479 637194780
514774861 579746515
601027993 537988361
475999527 300036722
252787334 765853018
676042867 558170258
623157040 600338803
227916456 374761263
310994170 306338137
457996733 242487453
764583831 346120647
489681236 352354518
545353829 544735608
353824168 694123595
343461557 775030813
437252771 518382221
358798415 514265828
592337771 333170220
735435484 422685738
485913327 304130312
513773542 504388779
143992742 479977973
643986020 504902875
338192749 404539873
606499591 472142004
278867913 782358211
141236697 402640589
286776180 598261751
513185784 532490909
570846932 322798288
572728382 360468989
577512683 542886380
425491442 561074864
378632277 594701531
651077878 335789933
741158937 436648391
472848270 370827978
382792134 446747229
453102781 647909770
558694319 685458498
744908509 574337366
523692574 551563860
717394932 434362693
616020172 637477498
498362097 233301594
473500381 498270679
420101371 572997792
553873357 421701780
659120972 621002155
378742490 384934312
436269207 180142077
350153859 570079233
601162718 382593603
344706980 554510886
475227012 665413356
546121185 399972001
465744373 288737632
571919455 419672383
611784307 658849395
566153731 486672665
355905411 480437951
388307993 401964792
659808960 318068501
614537951 613696179
375018369 372726562
425685879 682377196
480007031 524316705
459706618 501655825
499639841 345724689
522852117 470009336
453818051 463043868
588122589 691345399
646929765 535051580
586374504 543923075
588312085 748605421
329772505 533814286
588892385 482611157
477977119 649027011
538647428 650688417
632138860 433406527
701493235 482069699
572690211 568643353
313815974 461345256
303807297 494555787
383235039 569023012
594873211 416793740
489820820 493873833
381176668 398890364
445122127 587657066
651062990 441461725
526062447 667469737
479516461 341710615
682702165 457357039
597619055 400088959
470365212 633937610
462347687 432305357
419406620 459044832
308438886 458496653
626897687 236632814
575288768 672132396
451235020 485857328
339394160 405281277
655682790 423518448
474117348 498298880
629174862 557401128
615214833 365569420
109979019 557695035
304096875 522919458
513646397 414066052
595583009 460545257
471339975 630532351
495141247 338867203
521710921 643884162
545204050 408438006
478525483 509143745
597629522 374040503
502972860 665764465
275585080 688466521
480437126 465215073
407494363 581494525
497184705 625047031
378149343 292559919
686295270 445572003
485230818 499696042
413725357 461223005
516771369 508844334
469899438 462119740
675839475 709708842
376580769 642579653
702632647 492084024
519561747 396709261
447569185 485568396
708920456 535785326
589398896 633861090
563481058 478477715
582491989 597693467
526835103 458101981
520588923 514246081
506084146 620506177
348824453 399398930
451968449 360241662
627464052 627189267
467481436 502557700
136520776 440964109
414845676 484622233
431633095 587203014
469284732 391431428
497364986 503425048
403012510 574687085
527433038 495173168
634999977 548214477
220257181 542905221
592336747 647612870
527421320 704295030
464689214 357349527
350910897 623596436
437946363 631810519
422939497 601724417
233465245 588199107
438518789 379750332
371701013 662547123
429201483 251590589
699742860 463587413
441436217 628343521
425942407 520164130
633818159 518109120
585877524 601045835
393422398 359687578
142308241 725475357
467107402 463512111
511580649 493676956
473479690 495462657
526094789 536163173
390867201 614094864
546239746 202235893
941259676 343428051
621800599 575463452
480228229 574180839
642978288 393005361
449761794 305973806
576384177 464448474
337508783 556928095
437431580 708147364
573191386 639423767
594828830 733043878
638712837 578673535
426206700 408145951
638241769 320728241
586804349 418473418
393424000 237709611
461685475 436430095
317370468 391252151
611085987 592078678
707689019 639084556
418705412 304855696
528758450 171746655
579601422 585735217
486490384 599941699
427013115 519436823
443642260 431160488
208986802 134272715
699921038 387215573
468568747 623069763
552006248 517554077
328924415 433200999
656790908 516591476
420500715 562039189
524041347 590038690
489782014 732512194
557009876 621991820
345402206 557337200
676982219 496458378
586299711 544751791
485689163 608632285
460159695 463388162
556977791 477599695
476630533 521067760
609340309 368440071
598181419 430241427
653863131 604872612
620615494 224541216
621981005 616044505
667954270 469928895
772236558 357288374
471097946 527559542
547854897 567488049
460817259 535172298
487023822 396535547
480098886 799512958
491184177 486884352
339716247 546445298
306792830 608439036
629129024 656899398
452125698 204396503
494966546 451354971
487979988 518493720
320579684 435961670
366534719 386586275
376053845 613448268
552368067 429046770
472759880 583549657
433536825 438646758
535475531 515509114
639790591 611885431
490911905 642701871
516136778 458834624
653110532 613767377
445267987 536831261
387238535 359075311
256699328 648414702
612630667 681196634
383343841 680027239
586554700 531165998
448530407 514746799
510619927 539553245
426530778 363663410
317557423 681787495
462912612 768666264
386818121 473745969
280539069 508910457
521476929 612733597
480458983 610540787
482315803 422171366
341039250 605934287
632520640 405604983
673469812 350272609
293955104 418299855
637054492 277452298
439350459 578990983
449085137 573956642
453362134 411088433
439980034 354045239
496283245 584499567
655861302 507826762
556758800 684704685
493700962 443198736
368388522 372260559
257430712 381886925
589155303 394606534
783692810 489442667
626605699 370647608
787921434 652636335
542035064 300080541
350724958 299123696
492407582 346031352
520475720 279829625
484371935 666194245
635962908 551716721
265668618 568671614
331420519 339813420
587903210 458245761
449444673 768553309
414642092 300228860
328788944 294347957
298374651 513858498
125866017 534212293
516988111 579624808
427111474 351955117
525932505 859192420
729866794 643764999
465794497 729422837
472197286 314779255
483940109 581177471
513100696 487092412
323439725 448675473
559720299 488165699
377051705 558692870
374491397 687533349
477945047 466406142
507666973 438157076
649462068 724234505
325339762 563720194
427479260 571412055
473820954 283820570
267681031 362130855
631631127 474928889
570924303 292744280
637340509 501269353
445063772 585872540
416942694 528827031
370028773 400208310
306693074 790521298
513515422 359987585
654183926 553486727
445382662 466085889
491270214 729204567
227791888 391798509
431518898 511860079
593729234 583815750
683623684 307202109
340885857 567726788
490933196 212384894
585070674 396969620
517111874 565994847
631830242 484294059
777070765 414574456
344702155 469958603
488229915 500755735
538062606 480671813
477867009 479880221
213827566 634902555
629182742 331624946
252830362 496839975
364275390 433746138
