2000 2 41058060 4
71987270 126786608
79967551 171874067
688465384 919828303
696712058 928288221
29033967 111836653
850696664 697100315
649273158 919944994
884752623 917139127
65485475 89738665
131283798 57361027
924353551 936796466
881094734 930956668
940743299 665849048
908399604 758052038
899214038 721337336
100403950 134495808
902745693 847245954
920347446 899374368
174663004 111512426
182655164 79625011
35036242 87678145
930705758 723915195
74246293 123200979
691901029 917092715
122765914 93194894
892759114 702972261
688816461 899158363
205464800 108787430
865421534 666471409
96089973 109786414
105111032 83406092
89762924 44095828
946102366 716450219
701319350 935619573
77714553 146096241
757219528 872986968
844137083 715238289
168066141 114636343
894768494 906795791
704761915 914200643
656336888 903986768
136551013 108915176
680997273 887841410
895668833 714625285
67295326 96520361
903891344 889534177
73756366 133789802
708981863 897263662
884525633 669383945
936744402 905360428
897971368 908198902
104407666 69737758
50815843 151139434
93814062 157698979
94566756 47657520
917982574 704903334
734696514 960784220
961094938 889400913
977986910 780377427
181817612 55716653
709789619 926447210
944959957 867772393
24962738 168728356
853606100 911150133
716663996 904191909
140642155 76541615
897335227 697928490
188748568 96383031
882032986 723398535
950282589 700446933
108058588 92982381
945299868 888590886
172854912 67211082
917436260 929811123
82625532 82426279
753865869 853321150
173040856 63955206
729018493 900579631
900449191 735914035
94806492 39137318
953385387 683692762
111079394 138774924
93373969 60851551
75322224 150069650
927952646 907378984
924622978 689614186
909066811 905206736
692976530 881864292
971738944 736487579
894679165 677261768
173219560 26526611
77004105 103115490
677228802 906338556
922471710 909824060
678620976 918793425
722400027 869428249
723490725 909902827
916106240 909984168
83608931 202923935
913786224 909017842
185057313 60793804
868385592 916957075
899506515 862837413
49598077 202192709
68372405 5207701
927168098 902536175
965773295 655441262
905918963 729068266
709442950 891518528
896900138 671083559
81073891 75925068
189402247 108786503
971372466 679923971
172700411 78815990
74081112 223579829
941242829 722424464
692181051 893679464
145312424 72244685
157371321 77013734
736523342 917622733
673273370 860701622
697349442 951093283
892462947 938091581
930569174 707472506
95288683 152082701
39513408 92857485
70247127 50032197
895903069 894979074
876303276 698518161
911449924 712090324
83243320 130985568
881240226 870116102
897399779 888639290
684311208 864641412
919613592 683720333
931855290 673764835
935543059 687078194
121660209 110891366
898092197 693363522
906453106 921449342
717269687 935063140
911124309 883843668
876613118 868617722
89999001 70544917
867707343 868508470
740120370 914303909
915697888 709009935
103539921 185961515
697212349 965321086
927455240 865016114
152162544 87074531
100455231 163462984
953239729 692277743
84202938 30616358
175883381 109694814
99732924 155813217
167116909 78961787
91212890 52666609
81755831 22888888
921469302 876918352
694042518 925880853
83263424 153040661
733871792 916089994
114599934 181991142
176349470 115781221
157735311 73299416
147872011 42758845
973434481 721264763
690290188 922817395
111122750 110112319
900776681 749741329
57982931 178633731
856479494 897260443
102691122 94574005
151125346 94630404
953022465 685562579
728417886 862605755
855165166 885510673
120090302 95121624
929739478 908614486
127870985 93707150
129464340 101041747
939680296 704891614
53044184 163277907
705070872 872103077
688348073 907355699
98802280 105893976
194566386 133808951
71348713 76188834
910427377 900323150
172429882 79162340
168051699 74959077
681833315 812767053
941588810 910506800
87732658 141238818
701815595 916244117
110586665 50986892
136483391 105901088
749322936 930666986
872520199 939138046
130229466 99040467
113094344 69522030
883763433 855215770
884652899 913480213
898061374 958517468
892669752 874397114
69091488 89693402
662144804 919309580
687364198 914146220
127714835 106688537
117387865 74100544
674052847 902388194
74217451 196742036
67504944 145793659
93382895 91338870
74455271 113050843
871005604 888934182
637875731 929107607
109072157 73016986
26180465 116947718
72545017 66714269
109313460 165433081
872252063 724418791
140354106 106000572
104118795 94406179
699114266 930020537
887164332 670500722
49593656 134474461
126430013 53337274
106183449 172820106
54574296 180679592
902984530 686385159
176262859 24929141
889316368 901135488
927351069 946922466
657668881 866831660
887876083 661814486
886930462 958827699
156399868 95676343
160901706 114897803
105475760 102206537
872592868 629042291
141033364 96750119
18290776 58092757
904322135 680789817
86612682 171957801
127365342 83590636
934576568 663656174
876473498 680436929
738505585 929866455
58041189 58838784
894543445 739260508
144475105 77426986
694453247 902187575
876889366 918613614
862936360 700805964
108092008 107806674
648390995 889025243
879618404 895223555
851119580 912682093
735870356 911169982
65053310 58905385
896958329 881828079
718677277 887615599
132042152 111589386
868972217 710762208
41480052 88510707
961518551 850854262
4604799 76739209
75964046 217929644
66860840 200855552
717375887 893357471
895138493 930834088
951466444 668825485
677553261 938799748
57887288 192014651
892405426 704651504
633744397 847471879
674187874 893178707
739597733 879603343
118167952 150671639
203577213 63380422
870016922 708843701
15644472 174242178
168336578 79667175
746992941 896686525
932790970 849125359
154225966 91932329
45250018 165619786
659735723 885707286
885678607 722877509
28580164 157365389
60809247 121558585
900968321 648771715
925151997 868070407
683459070 889828666
739774477 871369217
713960377 939002428
181617536 71112437
126764748 139270563
916492042 888425518
183393622 80950279
961208394 616467296
962515981 889697519
92341955 149756079
74549982 101686248
144239885 48129669
97241403 47102315
966736260 904220589
61779497 171810494
78101300 128062489
112594724 138313320
186638110 94601558
91656239 154385953
861903268 680776513
62774603 93570399
865101541 803971871
101113169 78776651
660624949 931275748
85277558 99654756
81554442 212753053
905207342 897009988
178782837 60033266
923688227 918343170
726718421 880815780
892052932 708114068
855552070 912773503
131539193 44051204
799122739 716111644
158943970 85020803
122102822 54437175
106216292 77157570
897778353 663822754
905714749 895951969
44596931 188576990
729614679 975334177
705870842 925200069
75160160 97399892
43355330 88007982
103170861 77205390
937548833 663736966
894289290 921271096
173715049 55945823
20382528 150086750
883771370 879662552
928543848 919154562
118492343 90265253
215574493 109385075
117634184 51709589
926932776 739271994
933210117 722324164
68310357 91643181
658366884 888883912
83601819 128248196
121140169 71076121
154231408 56549299
948641601 919746996
924669064 867673149
151516261 39566375
71827466 190203697
734254151 897630915
95982021 98860997
860507184 945378594
147165140 112772927
223586333 56469168
926238498 911115828
934958613 748109508
635416090 860536752
69496709 146069719
137561385 106510950
180939184 109194990
941218335 889227416
181002427 103680547
682843708 896225138
740890133 902040926
66541366 159059244
87499423 108719532
91873631 164532358
931322113 748990221
882566155 678182993
151396736 118934268
85683484 200198085
110725814 32408239
146110385 152913804
92756262 170956057
123941543 80238650
683894731 896894049
106711363 87621700
717915474 930551103
221910433 145639680
155932184 56017340
121756865 205087156
931539524 954468264
215248376 110849131
874867987 851267521
883420998 904716533
932194145 932006648
185720086 116441182
191092885 23887917
891642925 701198248
666598709 978977944
710151763 853959863
104550228 121611800
106299734 159314220
897065937 834062505
892926936 683363894
891443471 706012084
696705717 938426080
218043142 42950535
203337343 85403190
83667056 151048324
704761482 891946661
188351718 100373796
27367198 88889942
716409462 951195492
892217783 908359841
167589535 35436383
94014624 199573534
762886245 964977975
168981039 163928960
680566999 963451149
901818325 708825451
116614628 44720262
723107438 901013359
159976586 84463723
728479359 897084524
879542089 746223599
55896347 210685292
874663336 935910209
898476023 937052946
162922852 75077923
891611331 922853300
895124740 668376390
112448303 197197268
870200061 924442369
876637261 666241130
909089212 974015097
691291732 855968399
91483899 132534452
697965015 901169204
918246167 897015102
769570569 856724560
682243938 874543188
154760887 89149597
96144172 175046852
167172359 78117860
677929317 918512377
196693555 133505646
745726669 929817012
103139101 89437100
943489298 721749401
73961609 156584490
919870075 842471253
73105549 83557164
93406615 195073529
701136358 916044081
875906864 696177710
156913502 80028685
743533698 941909486
133351944 64727800
923789394 935884282
157215537 91057180
864429889 739569254
902956432 716360062
702754515 833493879
157343791 69252259
864178919 675502034
116901367 93652496
46014057 185823687
903711245 754086132
909777768 713462481
165999426 68145883
170977330 94972982
695376477 936444629
670393157 967186817
148223158 57187902
924662892 689046189
112237171 117711805
167265568 84940849
694628855 949102909
872847420 866582505
878714888 926412811
79355730 154074551
0 102148089
874651413 855621360
872814950 673348767
873847169 928366214
155017143 81294612
86110839 202461282
707426667 915936861
191815148 66660453
717373735 875327522
170982792 89360357
98641065 124552310
711718317 905502536
78036818 103513175
116040839 185415320
90577121 123150525
920730820 689842114
942180676 722270288
56105425 136348395
88522901 120572977
188362264 106510992
651977921 836195944
66531315 137994406
62416044 163520412
58873438 137731003
918986688 718684638
934056380 903001601
778239245 902117375
950682623 857487024
126687681 98885930
941432371 878417048
663285073 889248523
699026563 922545547
87203716 185247847
97233498 151715067
656355903 893585366
880535337 933989216
75534448 167178436
148118488 86827118
705527592 858600403
879626825 678365749
157607929 27444342
180206278 64794384
104175836 157655944
758290651 902925262
948442495 903243392
895293186 719300487
115916846 27046749
93172385 97517146
103178584 192221919
111063204 176337661
706299234 932068037
923771468 920900592
125293271 188728892
901423203 692615993
206781061 126224109
123467177 128236575
94592011 115870956
87762878 82949004
734476649 905390342
902949442 717799739
70111315 126201402
918391748 931270950
871940310 730444921
110666640 186910574
176043235 70086848
909293984 683678107
136172340 62974420
698985666 870184469
46072131 126284926
52315853 182370939
79058484 221557303
169088948 110156680
128585322 116382501
903842419 922294808
84855879 174320229
90511654 103327629
184269847 85933189
86778035 143649302
731566940 899795505
716932665 845582122
713427784 889080926
147589229 104088540
41557351 46264834
939748604 684045443
125170705 200013591
894848724 698804183
972566204 703668930
152782555 107777038
150510890 73774668
175959176 104623775
77157945 106003905
897863660 915553216
884974266 696450485
78212339 111558747
129810657 98099386
901809297 732069260
118895327 111474615
719938458 894316779
199886430 78347311
669978307 937136176
914614383 729405070
150630088 83422720
132677510 190888473
135610087 104733557
919024911 892199424
112366718 35825354
701810779 921306792
118797231 88431435
899768874 924745343
892363697 915100592
132935314 123524308
96172124 149352210
98465817 146537069
88102823 77040762
891007551 737435019
937401996 684095928
906590405 693139975
682980654 958587459
903486734 917514254
852729300 707501588
946597674 906500843
689956040 897983023
902670356 933093790
118857811 76135663
714105377 857902046
90064342 120301204
94738825 125946945
945722377 897400656
92085222 134917498
931353530 726416541
672078957 903577839
749300337 862667339
128741569 97692197
114084732 198952920
182080793 93979406
870432031 886531251
659641380 897949264
74600148 60588795
134545736 64731965
674777835 922026694
68607553 128581870
206541697 47802546
32855031 88370140
184182593 86442077
122668180 166247349
168738807 47194779
713486061 923308029
685562432 885269428
47709979 218835637
61381656 153374260
728719401 926078848
865015527 918454910
734563688 936542072
75709503 136726578
860919265 919012976
929527568 709409842
54313380 195725228
85015087 192471890
163850768 77820303
917428638 725829584
175409579 93133559
725435855 901932939
873714659 935670773
94352577 49874404
874962899 924062510
43313152 110580505
925743596 696438479
708093612 900038165
73122948 138710994
176459582 41413822
59068801 51507788
877305750 922492444
83734662 177367542
77739154 118631727
879348867 908126055
77233648 138081148
951481888 712180066
734983530 881630754
738939128 896477811
112976670 152881168
178363731 81230435
188596716 79276255
908368561 935560492
910382506 688525480
76814659 88513537
708917074 901861163
890411658 955284563
41183033 152490088
849806008 742254193
938692889 682128469
99152360 162760260
132785057 52193491
918908247 697122203
61046380 161600874
888167731 748893753
162344770 88681522
943970943 866511947
139418925 107787943
221081741 92223457
72599517 208178049
100469967 187994294
49648700 167363336
82577032 114148291
75049310 38872553
56595964 112365720
968816127 694448546
928101295 917206569
138758663 41341849
882379795 918714327
884702956 911580901
72466089 48610076
165375442 81631526
41014629 101218515
51605676 76670433
68717002 109117767
869944286 731671127
693629284 942057223
182833244 71932171
905158377 706550387
118416537 93739244
927025132 890075638
679390741 880369127
100687930 152608137
186790026 48945126
884000179 970671906
51979571 181533664
704817242 857654964
887484771 966822920
137233248 114659081
89136376 47907067
120638512 110451659
874209590 884240674
905727429 890752740
114383936 144723405
92617323 192514523
910214147 742701939
926591144 913102312
105713217 110991167
175238145 80641179
159691537 105652225
203439150 58103875
905725992 725525435
128117670 125911697
875917603 730715894
928859551 852435229
78883878 140037491
887801616 857376759
929500874 723055211
947327226 693062091
747206316 860958664
91197366 68914214
32896966 112790899
705426649 885882020
797873177 926077795
906974326 907444254
721846559 864049830
707251031 939535982
855626036 689441409
100833590 115402031
927192967 685255008
898230859 840652419
102578710 88157696
672402495 872253252
919776117 653626324
752901559 895218558
910506850 891619805
94947646 99991078
98416937 173088137
968864470 914706870
936722397 895500544
917083327 703502678
715627702 853195939
61008722 47550559
873975404 865270040
726740993 862868238
895721537 921497945
119696808 85771058
932175529 962905562
101309002 32195326
67475098 141785000
76707683 158853559
74825617 88148814
931504766 901758541
706019600 860805292
79929594 70806737
872955556 890694513
108547036 71708497
90149362 163410954
75622971 169063894
683810724 913614722
19349103 130112583
57967477 115760994
708918591 896385561
687927215 898243724
952665483 914997079
888273002 907525094
905408178 669850402
189619579 92515817
113158946 140575352
692645811 931189699
892756426 903020008
740569956 904585642
903218418 703135159
175652747 105846025
717030686 900570560
925003795 844685630
905026944 932999081
63706175 133642403
181537013 87769276
33741158 96491636
166077467 109587465
112047130 157810003
642669505 918849787
692735028 897356967
895167037 637986979
85744102 163191502
940879494 936976333
230518960 79513651
924526569 893835107
89684517 193358290
695698840 949473309
858332000 884372805
56526009 187417378
25747199 144310437
912280711 727199040
910518705 904278233
732720329 880809158
946949362 939974941
215274773 101054538
67861522 101244120
109185235 102115466
840382399 772665272
835150696 920124545
137602116 52785378
730409168 926515053
949016698 668466688
930712295 675283232
125578194 138253406
897484468 958849049
885325018 899870537
922535437 718514657
878860828 892236746
77981831 154524040
105233797 97522827
85210493 87645784
173455888 117339147
71615312 122140065
708927548 902770706
102232655 80486740
950555418 648542866
723536633 841809222
897281392 755213900
93596445 194571255
714207610 931138865
898826919 675917959
901965514 930798619
913105982 723574769
853467697 666235145
868301842 686702747
32002738 123405301
82216386 144458227
160249121 105911427
217539349 89948091
861681798 679459660
875908732 731458830
945331024 873204812
165228061 81931366
95741971 104717420
842503442 672927692
880799536 957070332
709926670 847121706
876966677 705172426
104192861 200344163
113382814 151466417
118284145 139903176
136945317 40186206
107760320 155695219
918469326 899873441
654098303 954122563
43501478 176745607
49647524 219874770
179871303 82662396
694558999 953705656
130083275 57971546
154968863 112492246
17551333 51987911
95899926 146656720
897566095 888233691
130998531 111997874
931441065 946946608
83304239 174325231
639956405 913017244
136376807 74249873
186172260 15898000
146102988 53952136
659083276 853289983
76788938 171901585
132965132 90322743
918978520 754807583
914986037 926384994
922445616 675660215
919322023 949854504
889303111 942931718
945626681 705058239
766423831 914812636
884205130 879513451
893807708 924018305
890967029 687899115
914991523 888551989
102876737 133078373
201291992 67684477
687983853 916418019
151263116 133495563
119425755 83715617
86749771 66439382
156058856 84808452
696750674 880125421
848417616 933737930
131875527 84320368
937701517 927399733
742019173 882390405
940637585 874981607
32627000 162439574
155501154 103342075
688661195 942701599
935300455 684229289
922924098 895282328
893656015 971535156
146292712 90967531
112207332 203496796
58467469 201622632
701260794 874094723
94351794 96478692
661542469 879764302
174436501 117253305
731217117 909024007
910776624 924634325
124279640 79041493
165479493 75833467
163518873 81130049
897387086 672822887
32614532 57236351
76244198 107636085
153995891 99655367
65217105 58670395
137655984 102741878
929687200 746793090
105447323 81035427
994028671 763589542
54481282 189675123
174243642 139003861
991573776 721928043
116826337 114287747
894555472 680516414
905928536 870263600
101451553 98734432
923113946 898123864
748194986 946350219
89318752 222390556
73344246 102760501
919477620 739878059
174289105 68653906
90430578 181546928
167178698 63730014
664299347 911909971
948397421 915967386
874378504 984644441
905640572 913833821
917656588 734165186
114394152 151630493
78062414 206942969
890765293 922101761
899277713 907937023
715535211 932117345
104054508 42922600
945538790 944235153
930234720 848675355
49827732 154799234
38701533 98513999
136638803 71085605
85502251 179559787
741858827 903487150
915459937 938402647
88351633 66448626
22584824 142429279
905011638 930373485
74352423 117887116
81986109 172106143
712195135 879224641
78257074 114929496
656193671 888348409
26055392 14276982
695837994 895164569
74856906 218108275
742460467 931872441
190946879 101139640
885178581 700934941
689740889 895067539
829403610 954071461
184407980 137446919
896270201 661569243
124838131 128053998
736044706 847011646
57703135 181602727
76929720 654941
701464973 861031626
943833106 911412876
109188078 149386658
132389896 77854702
897191212 907909966
175199735 101974633
924659959 753198255
898623854 913521134
173678115 74515584
175064338 55771104
720920229 899941026
941281852 676158130
899918228 967854902
678232308 912991178
183461778 106952657
66106443 59355448
95066512 81958932
912007903 850767991
673467612 840615383
946612876 882741373
674898224 878665613
940035346 736911304
124531693 75916928
183000142 52201599
155218052 88991256
59507189 145314080
673921853 903217212
903381989 917000110
164221509 98831513
152903260 195308372
180683771 89422823
903225706 699270604
880633788 736820143
953459709 730376627
917001239 733711204
892811495 678675943
92881554 59222445
706558802 921001211
108528929 184245966
936985060 721395294
905893653 746779484
878040945 708365533
86836773 160486184
175229859 81395234
83053982 54558858
946218256 723041418
151383298 100932158
928185247 706932164
129727137 38719633
61270415 109363003
865762258 876294425
92998468 100177459
895905491 897715479
937714868 899546046
869929454 712105122
181908017 60863171
915134688 734526640
73061217 80214374
71459805 71704360
56145199 204127009
217335853 130429088
62419572 175699946
890020288 932038495
689456173 917706177
199022270 61969939
140396719 95970154
40195395 153807560
865890628 879520241
962275133 684231425
99742909 193577421
920944306 912833565
891586727 892809057
916072130 680757506
884449340 916690420
120712323 98052445
148901904 118142877
58682429 183126942
86148048 103802991
928761553 920818405
902553556 902178687
886125140 701326471
193687509 135863835
921492733 891050745
908660456 661872059
666242514 881726709
52117245 141784011
142852011 92872071
162952243 81147413
95849867 152471238
136668015 76847597
69540156 87799496
910219216 697446160
916748221 687752053
89629243 174279906
153415146 83401145
722217776 906293146
75006333 201967807
91472063 92631180
191522928 89898303
698105811 901315337
76462156 153196082
968424541 836555646
116168250 86857439
145327624 60694297
696359060 918217924
50341684 76753489
91348540 166613961
219918094 31629619
99410068 182035932
642101862 882119189
688930637 889043745
133173744 67226085
80278901 87527099
909189656 879299244
639378010 876667183
917787448 715807839
886849930 662778533
887252797 685128177
88744854 98748108
881818019 894799385
134626894 177997841
786660142 877184926
753703561 952736015
164247843 71687462
149138580 101946440
921316303 687403650
897337901 712598708
893677584 905558871
720321108 906023819
935659927 687166467
136565290 74473310
939672973 656723020
111300101 113891652
45568279 143447204
965669138 657913283
880333665 861654481
699511277 952859576
28795142 158629197
70415642 74339366
931438221 740362843
55872445 169413227
961528325 872041490
192496067 102180772
705062536 892134005
161520639 69167364
86826220 131275111
90581673 66735868
721116358 858529348
84999129 125451260
896637270 898554953
92911439 88148531
702490398 872929852
130514286 49576720
945924897 887227789
54578095 42293477
913771024 927520849
128643569 162058007
81508259 132942529
929198706 683457073
677545479 891645915
95791040 214728146
728506214 922277782
55586578 160190195
949952899 874521337
877574212 715862265
117683698 157564132
828604899 865624412
655960586 918537569
940110850 748557778
156706020 118183021
908406729 742817949
757133176 878987716
239526294 80893428
103997983 65077311
56347833 205355630
707220090 892732632
68843480 92414889
892864504 967345954
87779785 44363553
923574379 906099721
894911012 708954783
62332877 136182659
162959382 97261105
202834828 70682424
192402881 67131092
111780274 65777784
44711563 149607918
77417402 146511447
885006328 893307422
148296870 93976071
39022523 143025678
108369892 226652176
740533787 930780125
165660015 64173736
142649574 92206914
219245398 83906149
875869199 714584465
109400033 60975336
156663883 92163159
704504686 934461190
173433645 80906632
47101121 27545862
90623731 80362455
82568535 68350443
880803654 881383979
84443371 153545531
116320326 54240680
711823915 877797231
919457951 899926399
911208002 931656111
943057746 712493201
90078952 180097184
921547672 716228284
709866711 872075957
951155155 706880412
885899003 707061631
834693817 734567500
101277819 42966580
81093427 59007686
732728615 894566543
921795526 681120439
687531078 880880782
646877617 884048142
195162034 100776001
111792818 140436246
116162516 104592046
91037034 119863835
62905086 235542571
113747158 169519320
666467833 884420663
136254379 140459862
918261979 735196004
618678764 916191770
682815246 974848189
175536107 96276401
43948956 92551574
61724394 154208246
74151796 84992229
745529706 932537908
114880378 113858418
184365957 134524890
919268965 679808842
920470281 692904138
899094796 955665225
686783062 915641100
86879856 154823466
755326571 884919019
195959311 156319081
89322802 22307887
91634421 130669013
159081642 92130524
835714679 882214815
902808636 899822438
83812942 132981273
112980667 197706491
932368363 690987062
80860491 51478574
93942707 149192189
908770792 940276339
82946379 131153077
72032709 103038036
732258536 947982481
136338858 241286461
908278140 890904170
872949251 692182705
680525951 922723577
124768649 127229535
929011252 726180946
925711689 694391973
875468372 710761588
935219003 695023551
133134789 1000635
844944862 698090586
69564741 63326797
90600897 142976972
62299545 177809795
139330693 35289951
707221697 858210504
944187350 697928240
137898586 76438007
168839543 99136171
650207375 925248887
893241727 692539773
121244314 93104320
134081455 87872507
43960225 125624792
695209442 921605802
898973572 895269331
853083667 704414520
92693473 82501450
931784409 859414088
127105683 72730023
683019232 935265646
714313498 871734261
57128666 194750661
77784590 45479666
843562176 955117253
170385464 88113389
944489786 711064850
82888234 46320110
910859988 885191069
110677166 168558755
903444845 957478460
703488777 865839866
75502560 132050543
78277486 142463383
103306300 64283244
210321857 81420896
704738419 904346928
102362434 161287961
99371079 66574852
785425841 925855006
862691643 634703958
125402829 193447047
699594060 918464339
870808716 951253602
88473538 211443475
108095132 180768147
193351639 84101361
920352268 874781281
110357406 68692762
698112383 893265134
169759694 128692843
683272849 914066575
55532255 106787442
898245982 685766455
96617666 212787236
926859317 919260667
78003153 104531624
122972000 104138961
930278505 688954465
160382185 105515524
72593056 114927945
189999716 62443018
75697225 31718644
915020374 826296102
91575088 82736236
709162081 933565305
950965737 958580154
83989547 170631924
180789190 89592922
91172580 100544538
875911546 708273874
178374912 88283839
895753668 664454261
79588882 163273619
111081441 63859829
726115613 871387226
716226639 908454480
109637415 188920181
75994500 68837430
909521781 950614389
116093176 96031572
121879319 101549819
114254670 105872670
116073947 68767633
210865743 37627534
43155813 67849746
155726972 105213413
122794148 65685749
64075847 62091532
689735319 934796534
875414784 907179068
696287562 877466505
932091697 911783273
905579254 652356818
918894797 924694798
635665186 886823301
18259264 137844139
178618211 103970751
78931004 121552645
90181450 165192783
50111349 80363060
916852676 671668299
163989614 84599945
99205419 74326670
888434744 906061165
34662917 92889820
113611665 171233419
176549826 123524146
927628880 679980940
703020433 881308393
868140960 964381390
141460694 125069433
770849198 934873977
78250125 200213856
942370989 927546305
882196477 889797318
53152608 98955530
715513194 900132185
113083224 162501873
715162217 890827664
133498449 95644976
87694797 73749271
110219285 177528873
161170463 108729881
81357547 142477661
691843698 884460354
716909500 909101930
702550837 950998077
908039091 864030147
61291812 161991755
896379003 785572873
671457012 949089822
938173776 922226772
662605687 899650455
940519145 717119824
852033732 915620312
82848220 54982397
65026901 19667648
939536478 675161157
78516161 39455323
195034854 61467044
96334806 171001163
871040553 725172229
898164114 649261750
908511866 699975318
894610973 705146309
64302865 100045930
59842945 113622135
705680134 858249950
208863475 127345906
25412342 50024196
32006900 228115342
138429881 50171364
188351644 67883881
136443468 133889830
649309913 960620901
710020105 879061261
935572913 704291739
679636049 894978385
110803906 116912747
931310676 713046254
109511884 85575538
97009047 119894633
109943918 177347455
964527593 744187863
752100649 896305630
940062736 918368357
880918665 860112295
680716152 901059314
96070676 63497479
701296857 906401467
48339285 146691797
873744837 892397222
144295396 179238220
97100515 48601591
906362990 891328478
858280970 642250393
733298488 911994854
76854022 127961853
856345476 726118901
864117524 696137630
916844518 903916408
877977718 939653896
93700836 161884901
203634691 57056271
88450185 86357925
99019699 128118762
920264542 724830238
98912131 116350350
81676986 180236486
151019481 104638000
644994395 955736907
728793232 930907091
919703789 921620319
659990891 918088456
874732150 684242158
151882249 73559766
137775771 76077957
168599110 105687914
908487711 920552598
88914404 167419566
69979707 123211400
897834420 717403015
702505132 891199936
164876521 65019758
98052259 128454736
52895732 96817078
727471325 917869183
895292049 948212324
74639131 144455457
113110235 181170655
48678663 186669829
887842638 679994220
62600944 185606334
207872303 104831085
900756829 901531115
900318957 894660213
727576952 903231749
28951665 139406615
187284247 69497867
225256835 52807527
858545130 939406804
86021565 159502908
179604355 70038741
200597680 41689392
108366458 158041289
636190194 862688996
29848247 178704334
706767041 931856115
114131465 100815674
140571739 148352968
134931363 84124528
868536629 718350457
75933347 116283726
909834841 940172880
696465222 909188402
41837834 33859896
75268949 194801828
54383940 73752270
929058097 944743906
97730850 62500345
680758432 876276593
872954878 697312961
192986773 93976177
162945253 96743402
173238943 77182939
900504702 728220353
884660676 889100872
881951028 910295504
69653431 67295400
922531334 918223266
870378607 747281963
96562043 167740638
165753690 66020343
157709667 88073795
93170632 150258247
931737083 923092087
696983846 906637642
899505475 917372916
944876266 907813611
936343473 691686564
928434945 702012503
171866791 71643741
110950972 95793751
128984413 124755690
84975874 64206306
56991726 86846856
915473596 903826356
103905024 142822839
930520880 674861519
893470974 766380927
902501282 702052823
914670635 928212863
916014834 670434634
186603233 113626318
133867417 119111331
708878091 898145442
661586453 904105772
115474679 176391962
184739033 83103376
730033006 907743655
931974334 940477103
638271736 928614344
875242291 917633195
183423835 86318906
60045450 80761288
883515594 982432841
941206342 689341726
95842571 98810793
929168444 671321214
143061938 42004657
834210363 704330635
919664808 682229577
1000000000 921815851
636588063 894396590
954010880 693310044
868440390 887064445
735652799 905879662
157629039 134145527
142186471 85128323
883535713 925118594
79870919 163703715
167136760 32297490
96579065 157575209
103319585 46152079
929810352 891397630
70023886 94684296
71691707 121486442
131094413 42979138
893124912 880534696
687592679 908988093
737027725 906255896
220710822 31732414
94710688 88623947
900827805 863064987
880449340 906061672
906157718 731552656
160751146 121250013
161270127 68367348
147257092 217628234
877821371 872727424
145487655 81785634
158665954 81105126
119881953 158807623
217540141 77203067
155900436 168834050
78771302 186270866
701537996 935938277
916559270 698968639
673416234 881897473
721472090 957310209
177884239 99970486
49854012 153739903
198024984 97706816
872549135 882301613
36446906 174246796
880451399 737090248
85564026 127263699
909112493 896944033
96925338 74090555
97886337 80365620
113162827 203429851
937533257 702675956
923774062 909542216
143148513 102513811
77593567 96358022
672905759 889301227
928120913 639456274
46646383 159358975
920490552 686370009
701699546 906890193
915768863 704498381
57481072 114134587
880264885 725758961
910122728 913134178
945428677 737676246
78913984 193543748
117855651 101042734
899659129 933078381
159217968 114738462
38138962 124304659
85382598 78686075
120084022 27680641
36671755 31967206
942541881 663015569
893880416 718749674
231437106 84092694
890233344 880745267
64513931 200971583
865545092 640437321
894384995 690084147
192808297 41029111
50190329 59708047
173660086 60713330
198945982 147232427
122534746 212878831
888512496 704084006
876727073 679516476
201716993 142707323
712493951 915295905
108922282 190664489
130160598 175355761
48929096 163430992
951412518 954302235
682756585 940573360
73089820 212541466
928699546 753084600
105505516 75746457
154122104 31543020
943915710 699172203
906120326 863088772
138575538 86305791
107002232 63295748
168600511 8690309
716109928 817114572
160081265 95596140
153010869 43103838
120807012 50610351
680864198 960862330
63841955 69305084
176963361 119425973
20919410 141385833
962379010 928320742
717482048 941978761
79097065 169957168
127871437 47958963
91436331 145396711
649875939 903362147
110422766 190069403
108306333 200328845
141894293 147829808
84897373 139055228
101768221 120113881
680041816 908267522
913622528 715365869
157002206 106107798
926602596 724534857
877709379 882664116
898046940 749279990
910075505 747606890
138982855 78872731
909549851 912804539
2181820 140020009
920314058 713581221
871416305 930634812
734604830 915353313
700711806 958357517
646033520 903887664
61846506 131780891
705810363 871709187
892941961 750541217
168208488 122536103
844616431 690818813
82427627 102516741
196574643 41328113
883500219 679424655
900080995 920631208
927065265 874355578
893460644 705151447
117888075 28043873
194028873 73784190
78968184 59961239
707475032 945287029
696869744 896732070
94567911 35784867
903231046 701723596
878914929 700700438
890203117 663904055
66051068 181876621
93873470 59179005
696728634 910615977
38032059 80786867
60509669 173742429
926476975 731291640
860990093 683638546
921144684 721101565
917334149 925999181
79178953 127661126
942516626 890921888
125510186 123660336
894141593 877416908
907282343 909697544
144900104 169402912
910415281 711011898
905200691 704216782
920525165 897932864
879820741 654780646
701851417 911822510
146298751 20425047
103476823 115927898
705242856 866322956
85431477 81172002
116448652 144424406
113221136 58589487
86899059 165268472
61266927 104441178
242920668 68433604
183852061 52900668
70700430 172277572
912619485 871313506
933789186 700188318
760902793 855934729
144856831 81800147
61266511 142832169
667498146 877876808
88004508 169115631
107047908 113835439
930549448 654183888
843744292 705855958
41300967 186118095
137048245 86023071
896150597 700526772
193634233 77137741
932363803 679948939
94624289 154508633
82521444 98894212
92281958 52224692
896186477 904642763
204951310 156534927
924483662 863793358
32820922 218286249
117127075 148657236
117223410 198282864
27198934 147001579
693952729 966376409
179594041 74611522
54021533 49687040
111038096 180077954
77811694 209204393
123803994 134492577
889620461 689995682
150681299 99256136
83678509 128810770
923073512 677541893
885062747 693069463
97435640 156760628
888486251 903504101
889198194 880840011
694573026 876700759
195910870 84366586
113207645 159813795
894885118 669463964
133583977 43139053
687448342 932485301
924848506 934170574
736469340 963050585
938950101 911709570
137016244 184029027
893405038 923595221
701116779 905223469
86378356 162475345
123110244 124982451
868577466 941250887
705982555 961013735
701357966 936239418
222352909 80216611
887672620 705471412
71498479 105945744
70933741 209188067
80962616 45805222
691234321 945276444
80884128 115664072
66603262 173606785
877970075 660001284
949243079 719898659
925840035 688623635
678986810 864602959
89630518 59306329
174507198 93905228
924490073 915258029
137680784 121879391
184843811 105155340
115923549 178170730
118258320 171052698
867488548 922880476
713428878 902000849
929422399 906148471
82916693 197469319
877905267 710468243
912979568 721856794
912679352 705756464
928639642 677963402
200284216 72962135
928867172 728766793
59048270 72652662
892567597 872125255
97939264 74889043
73919804 80251196
901359308 910802062
163053367 120061696
116986594 66687724
925154690 946982719
201002194 109073135
98864877 106479778
911559637 857321956
89140589 171567543
16598507 172535134
85344456 140300664
218979565 78248091
120166635 84603253
674044229 892850498
889387291 953005934
912421841 717522343
199848788 69803760
107888124 211083921
80923650 162836092
664418087 899368848
155298930 62820115
184727857 83795710
952297521 925830151
930230719 931200761
732637004 887075533
105267257 90181348
67631396 111343914
96125593 198992933
706086855 917596603
63028049 137228266
49364232 112643700
889012182 685790279
882910176 858861133
726922333 887369743
712338022 930048342
197825092 54895971
172640589 92999359
84931333 107089819
149177022 48679086
52945877 141243092
937686624 674838210
112442478 162632341
105263974 129696560
62457317 54716750
898166981 868791197
95381863 120223261
887508630 955436394
923041284 683827344
148698250 45298238
884616439 936301163
938219854 756489535
942276300 907005332
150576638 75067809
36515217 139765539
648213518 889890610
55898357 159527835
917887503 867868912
82614033 102337347
139038706 73996404
196428423 39660965
126976759 141094928
58910269 193969257
730126620 897423652
136827556 64054942
200892253 117366916
83459493 56619008
165886646 110222317
883256814 939557709
901084121 936917119
917756027 963144381
53106884 115523692
688077383 873337461
857026743 913315895
174791658 129256102
170792963 99083552
883007356 711960376
89040143 36847559
698012810 885762336
135179059 76659043
635390080 931367898
659550337 943651284
880031006 757894722
41026061 71600109
919868788 669590120
681256216 920178692
148244188 108222520
149809287 120788400
112281936 136952276
897733908 690536757
106400028 181249084
76832003 158800805
895418651 892047271
67958681 166277948
707300725 864560035
666506655 917664408
209521055 92937748
872940015 716209854
918818786 695606765
897843923 882462567
862235428 645340057
863783578 723739258
892908842 874840613
735257836 877418408
908975026 873438887
847530352 695134188
898030302 936458486
107205057 141612175
78636550 194693113
688443131 886514270
109117132 201548525
93659070 185429957
864099306 920044276
654372810 919726669
164521675 126818962
111168793 111077870
726502730 911107636
911981201 756577203
127127476 122741185
890961668 771417550
897411315 923658242
70824642 149689368
882865968 940481828
941311025 636108577
923960527 722747253
938144305 715813796
67449671 42926403
98725847 135128699
57201154 99462034
92879521 153829518
933197290 685436600
847344451 874933905
147637761 154567196
139341123 96979738
670019639 923205237
694824976 948529552
735271271 944713417
58371199 134652639
101857277 133302057
92734396 149291188
886277996 913377751
953515726 684670530
756368959 920703983
929052020 683803488
685491380 964302371
68965863 80407807
673148143 946560490
898749399 935622493
87240900 124678238
914441513 706867473
223444856 107500794
65164631 46137661
862288879 746831926
79690070 132133975
890084469 694610810
36763389 161284648
110993022 193659868
38691934 93730836
72733186 119794970
866087642 734503139
243714503 135667385
83492289 187846552
715372643 897258993
84136114 90489662
616667961 910204199
888018245 906537782
907895536 939505753
721845291 948217819
900347706 742732709
193989869 57869716
75807039 109529702
128044225 121784375
899410704 652161905
62375343 153049294
